startTime: 1614637259.21
0.00 3 2 48 29
1.45 4 2 4062u0 29
4.62 8 2 0 29
5.17 7 2 291 29
6.30 7 4 0 29
7.67 7 4 291 29
19.87 20 34 48 29
21.82 17 35 64 29
25.83 18 37 876 29
31.72 22 36 0 29
42.85 21 40 0 29
48.07 18 37 878 29
48.65 18 37 876 29
49.35 18 37 878 29
49.75 18 37 876 29
50.48 18 37 878 29
52.47 18 37 876 29
73.85 14 38 30u4 29
80.55 9 42 4067u0 29
89.65 9 42 4067u1 29
104.13 16 47 0 29
107.40 14 40 434 29
115.46 19 46 48 29
115.90 18 46 64 29
117.90 15 46 0 29
126.33 6 42 340 29
137.00 14 41 334 29
142.50 21 44 0 29
144.95 18 46 67 29
146.78 18 46 0 29
150.50 14 40 471 29
170.58 51 46 0 29
181.11 18 44 0 29
181.11 18 44 f1596 29
190.03 18 37 878 29
200.55 18 37 876 29
208.28 6 45 0 29
213.21 16 47 292 29
221.95 6 42 341 29
223.86 8 42 344 29
224.63 6 42 339 29
226.81 8 42 1316u0 29
227.83 6 42 338 29
231.63 15 41 345 29
238.03 17 35 67 29
240.95 21 34 67 29
241.80 22 34 67 29
248.31 9 34 0 29
253.21 15 41 472 29
254.73 15 42 461u3 29
261.24 15 36 0 29
265.28 14 37 67 29
267.91 18 37 878 29
278.21 18 31 49 29
280.11 18 34 61 29
286.85 15 36 292 29
296.53 23 38 0 -1
296.53 23 38 74 29
298.01 23 38 474 29
298.30 23 38 0 29
300.88 23 38 474 29
301.85 22 39 473 29
302.51 23 38 0 -1
302.51 23 38 473 29
303.26 23 38 475 29
303.81 22 39 475 29
304.73 22 39 0 -1
304.73 22 39 474 29
306.63 23 38 0 29
316.23 14 40 483 29
317.83 14 40 484 29
326.38 22 39 0 29
337.48 15 33 474 29
339.60 12 33 0 29
340.49 15 33 1423 29
341.70 12 33 135 29
342.63 15 33 74 29
349.18 22 39 134 29
355.96 14 36 0 29
362.39 15 40 1316u3 29
371.06 10 35 0 29
388.98 19 36 1254 29
403.54 19 44 0 29
411.74 19 36 487 29
413.91 20 33 661u2 29
415.44 21 33 0 29
416.38 22 34 557 29
416.99 22 34 0 29
419.74 17 33 0 -1
419.74 17 33 557 29
420.54 16 33 160 29
423.04 21 34 0 29
424.76 18 33 67 29
427.48 15 34 0 29
439.39 14 40 0 29
476.56 18 -56 484 29
477.19 19 -56 30u2 29
479.19 18 -56 0 29
492.49 25 -81 484 29
493.12 23 -81 30u4 29
495.02 25 -81 0 29
502.99 16 -96 484 29
505.47 15 -96 39 29
507.11 15 -96 0 29
508.51 16 -96 0 29
532.89 14 -126 484 29
534.51 13 -126 0 29
537.14 14 -126 0 29
553.46 22 -162 484 29
554.71 22 -161 53 29
555.34 21 -161 57 29
556.37 23 -161 53 29
557.04 21 -161 58 29
558.09 21 -161 0 29
559.44 22 -162 0 29
564.17 23 -164 484 29
566.00 21 -163 0 29
570.11 24 -164 0 29
571.81 23 -164 0 29
574.21 19 -168 484 29
575.66 19 -166 53 29
585.56 20 -168 57 29
586.34 19 -168 0 29
609.94 59 -175 484 29
610.94 62 -176 55 29
612.37 58 -174 57 29
614.01 59 -173 53 29
615.91 58 -174 58 29
627.56 58 -174 59 29
629.19 58 -174 0 29
631.44 59 -175 0 29
633.42 54 -176 484 29
635.39 54 -174 55 29
637.07 52 -177 57 29
638.61 53 -177 55 29
639.09 52 -177 58 29
640.57 51 -176 55 29
642.14 51 -177 57 29
644.09 50 -178 55 29
645.70 51 -177 58 29
646.02 51 -177 0 29
646.80 52 -177 59 29
648.51 52 -177 0 29
655.49 54 -176 0 29
668.45 21 -168 484 29
670.14 19 -168 2143 29
678.90 19 -168 0 -1
678.90 19 -168 59 29
679.99 18 -168 2143 29
687.00 19 -168 0 29
689.57 18 -168 0 29
696.95 21 -168 0 29
726.04 11 -181 484 29
726.92 10 -181 0 29
728.35 11 -181 0 29
783.09 9 -192 484 29
786.25 8 -191 2144 29
789.54 10 -191 39 29
791.27 10 -191 0 29
798.25 10 -191 107 29
799.14 11 -192 0 29
799.90 10 -191 486 29
800.54 10 -191 108 29
801.15 11 -192 33 29
805.85 10 -191 553 29
823.47 10 -191 550 29
830.63 10 -192 59 29
832.80 10 -192 767 29
833.22 10 -192 0 29
855.03 13 -220 0 29
869.80 10 -191 772 29
878.23 10 -191 773 29
880.21 9 -192 0 29
887.98 9 -192 484 29
891.62 9 -192 0 29
908.58 32 -169 484 29
913.07 33 -169 39 29
915.18 33 -169 0 29
916.83 32 -169 0 29
922.37 20 -168 0 -1
922.37 20 -168 484 29
923.70 20 -168 0 29
925.00 22 -165 484 29
929.65 23 -165 806 29
931.23 23 -165 0 29
932.68 22 -165 0 29
941.67 48 -177 484 29
943.03 45 -177 53 29
943.83 47 -176 57 29
944.47 46 -176 55 29
945.39 47 -176 58 29
946.97 49 -175 53 29
947.62 48 -176 57 29
961.72 48 -176 58 29
962.47 48 -176 0 29
963.70 47 -176 59 29
964.43 47 -176 0 29
965.43 48 -177 0 29
968.03 50 -182 484 29
969.78 48 -184 53 29
970.45 49 -183 57 29
971.33 49 -182 53 29
972.35 49 -183 58 29
973.92 50 -185 55 29
974.88 50 -184 57 29
976.28 51 -186 53 29
977.77 50 -184 58 29
979.67 53 -183 54 29
980.25 51 -183 57 29
981.47 52 -181 55 29
982.58 51 -183 58 29
984.90 51 -180 54 29
987.43 51 -183 0 -1
987.43 51 -183 57 29
988.68 50 -184 59 29
989.52 50 -184 0 29
991.82 49 -183 0 29
995.30 50 -182 0 29
1002.88 62 -181 484 29
1004.38 63 -181 54 29
1011.93 51 -183 58 29
1012.93 51 -183 0 29
1017.53 61 -181 58 29
1019.80 61 -181 59 29
1026.50 61 -181 0 29
1027.52 62 -181 0 29
1032.41 52 -172 484 29
1035.80 51 -173 39 29
1039.00 51 -173 0 29
1043.08 52 -172 0 29
1051.03 45 -156 484 29
1053.45 46 -157 39 29
1054.75 44 -156 39 29
1056.40 44 -156 0 29
1060.76 46 -157 0 29
1061.78 44 -157 40 29
1062.96 45 -156 0 29
1127.90 11 36 558 -1
1133.38 10 38 484 29
1134.60 9 39 576 29
1138.80 11 36 558 29
1141.50 11 36 1851 29
1145.48 12 32 578 29
1148.46 12 32 1125 29
1151.20 12 32 0 29
1152.78 13 33 581 29
1159.11 16 36 0 29
1161.71 15 38 235 29
1162.30 14 38 30u3 29
1163.03 15 38 253u0 29
1164.08 14 38 30u2 29
1165.26 15 38 253u1 29
1165.83 14 38 30u1 29
1166.35 15 38 253u2 29
1167.10 14 38 30u0 29
1167.60 15 38 253u3 29
1168.56 14 38 279 29
1169.41 15 38 253u4 29
1172.95 18 38 0 29
1188.76 1 29 141u3 29
1196.26 14 38 3946 29
1197.65 14 39 235 29
1207.31 9 42 4067u0 29
1209.56 9 42 4067u1 29
1219.14 20 33 661u1 29
1224.16 11 36 558 -1
1229.18 7 42 486 29
1233.10 13 42 33 29
1239.54 15 38 0 29
1293.93 30 152 253u4 29
1297.74 27 153 30u4 29
1299.06 27 153 30u3 29
1300.18 27 153 30u2 29
1301.58 27 153 30u1 29
1304.21 31 152 30u4 29
1304.85 30 152 253 29
1305.71 31 152 30u3 29
1320.89 30 152 258 29
1326.81 30 152 0 29
1373.94 11 36 558 29
1375.61 11 36 1851 29
1419.61 9 39 609u8 29
1435.79 11 36 558 -1
1445.44 14 39 1603u0 29
1467.49 14 39 0 29
1468.59 14 39 1603u0 29
1469.71 14 39 235 29
1500.61 11 36 558 -1
1505.94 11 32 0 29
1507.52 12 31 496 29
1518.62 9 60 406 29
1520.67 7 64 132 29
1523.52 12 67 48 29
1524.29 14 68 64 29
1525.54 16 67 48 29
1526.44 14 69 64 29
1529.89 21 69 48 29
1530.52 21 70 64 29
1541.64 12 62 224 29
1543.46 12 62 244 29
1560.12 8 33 225 29
1561.24 8 33 225 29
1563.49 8 34 223 29
1564.86 7 34 0 29
1565.52 8 33 226 29
1565.99 7 34 66 29
1567.20 8 33 297 29
1567.84 9 34 227 29
1570.79 13 32 0 29
1572.32 13 32 292 29
1592.91 14 39 0 29
1598.17 8 33 0 29
1606.50 21 33 245 29
1607.37 20 33 661u0 29
1607.95 21 33 251 29
1609.40 20 33 661u1 29
1610.09 21 33 0 29
1619.42 11 35 0 -1
1619.42 11 35 251 29
1626.69 18 39 191 29
1627.86 17 39 0 29
1633.65 12 34 1100 29
1634.82 11 35 252 29
1635.89 10 35 235 29
1645.90 11 35 0 29
1648.37 14 32 264 29
1652.50 19 38 252u2 29
1654.67 18 38 236 29
1655.57 19 38 0 29
1656.50 18 38 264 29
1657.21 19 38 252u1 29
1658.37 19 38 0 -1
1658.37 19 38 236 29
1658.77 19 38 264 29
1659.82 19 38 0 -1
1659.82 19 38 252u0 29
1660.97 19 38 0 -1
1660.97 19 38 236 29
1661.47 19 38 264 29
1663.20 18 39 0 -1
1663.20 18 39 235 29
1664.62 17 39 191 29
1665.49 20 39 0 29
1667.22 18 38 802 29
1669.15 21 39 0 -1
1669.15 21 39 235 29
1670.55 19 38 802 29
1671.70 21 39 1603u0 29
1673.77 18 39 0 29
1674.45 20 39 235 29
1676.95 20 39 1354 29
1678.05 21 39 235 29
1678.85 21 40 235 29
1680.35 21 40 1354 29
1685.34 14 32 0 29
1689.52 18 39 264 29
1709.25 18 39 0 29
1713.49 19 34 49 29
1715.49 17 35 0 -1
1715.49 17 35 61 29
1716.20 16 35 0 -1
1716.20 16 35 67 29
1717.20 16 36 71u3 29
1721.45 15 33 0 29
1723.27 16 35 75 29
1724.35 18 34 74 29
1725.95 20 34 48 29
1728.54 16 35 67 29
1730.00 17 35 78 29
1731.17 15 34 62 29
1732.14 14 35 1599u0 29
1735.84 17 35 82 29
1739.42 15 40 1316u2 29
1742.04 17 35 346 29
1745.04 14 35 72 29
1748.52 18 40 247 29
1752.64 16 35 0 29
1756.59 17 35 346 29
1760.80 18 40 249 29
1764.17 16 35 248 29
1771.84 18 38 0 29
1776.63 18 40 250 29
1779.70 19 38 0 29
1781.00 18 40 250 29
1787.59 21 39 1354 29
1788.04 21 39 0 29
1790.73 18 39 1354 29
1798.60 11 36 558 29
1801.00 11 36 558 29
1802.02 11 36 1851 29
1807.42 10 38 0 29
1807.99 11 36 558 -1
1810.15 11 36 1851 29
1817.88 15 48 484 29
1830.05 16 48 59 29
1835.03 17 48 59 29
1839.02 17 46 59 29
1843.68 15 48 0 29
1848.78 14 36 484 29
1851.50 11 36 558 -1
1852.77 10 37 0 29
1858.87 16 43 899 29
1860.35 14 42 502u3 29
1864.60 10 35 0 29
1867.93 14 39 235 29
1868.60 14 38 30u4 29
1869.15 14 39 253u0 29
1869.62 14 38 30u3 29
1870.12 14 39 253u1 29
1870.75 14 38 30u2 29
1871.24 14 39 253u2 29
1871.73 14 38 30u1 29
1872.20 14 39 253u3 29
1872.70 14 38 30u0 29
1873.17 14 39 253u4 29
1873.67 14 38 279 29
1874.15 14 39 253 29
1874.55 14 39 0 29
1911.85 25 -44 253 29
1913.90 24 -45 39 29
1921.67 24 -45 0 29
1922.85 25 -44 258 29
1923.55 25 -44 0 29
1956.85 -28 -80 258 29
1958.68 -29 -80 30u4 29
1960.17 -29 -80 30u3 29
1961.32 -29 -80 30u2 29
1962.45 -29 -80 30u1 29
1963.55 -28 -80 0 29
1965.05 -29 -76 258 29
1968.43 -29 -76 260 29
1970.43 -29 -76 0 29
2013.05 9 34 0 -1
2013.05 9 34 260 29
2018.08 17 43 227 29
2023.41 9 34 0 29
2028.30 17 43 623 29
2032.23 11 36 558 -1
2038.76 1 29 141u3 29
2041.38 11 36 558 -1
2047.76 17 43 625 29
2049.88 14 42 0 -1
2049.88 14 42 235 29
2051.14 16 43 0 29
2052.01 17 43 790 29
2053.16 16 43 502u3 29
2064.95 20 39 0 29
2067.90 17 35 85 29
2070.56 18 39 0 -1
2070.56 18 39 1355 29
2073.08 17 35 85 29
2076.16 21 40 0 -1
2076.16 21 40 1355 29
2079.55 17 35 85 29
2091.96 15 45 1355 29
2094.46 11 44 53 29
2097.60 16 46 58 29
2111.08 11 31 45 29
2123.77 21 33 66 29
2128.25 18 39 0 29
2129.45 18 39 235 29
2132.51 23 40 0 29
2140.43 11 36 558 -1
2142.31 10 37 595 29
2144.53 10 37 591 29
2146.33 11 37 560 29
2146.88 10 37 596 29
2149.45 11 37 0 29
2149.98 10 37 587 29
2151.06 11 36 558 29
2152.79 11 36 1851 29
2154.08 10 35 560 29
2156.08 13 32 0 29
2157.94 11 36 558 29
2159.85 9 37 292 29
2160.93 11 36 558 29
2162.03 11 36 1851 29
2162.69 10 37 587u3 29
2164.35 10 37 587u2 29
2165.28 10 37 587u1 29
2167.10 9 37 0 29
2167.83 11 36 558 -1
2169.76 11 36 1851 29
2175.73 21 39 292 29
2177.99 15 36 0 29
2179.51 15 36 292 29
2184.83 19 39 0 29
2186.56 19 39 152 29
2191.64 18 39 0 -1
2191.64 18 39 569 29
2193.21 18 39 0 -1
2193.21 18 39 235 29
2193.56 18 39 4056 29
2195.63 18 39 4057 29
2199.78 18 39 0 -1
2199.78 18 39 264 29
2201.03 18 39 802 29
2201.53 18 39 0 -1
2201.53 18 39 235 29
2206.04 18 39 4056 29
2207.96 18 39 4057 29
2214.13 18 39 0 -1
2214.13 18 39 236 29
2215.18 18 39 0 -1
2215.18 18 39 4057 29
2218.81 18 39 0 -1
2218.81 18 39 264 29
2219.48 18 39 802 29
2220.66 18 39 0 -1
2220.66 18 39 235 29
2224.05 21 39 0 29
2230.03 11 36 558 29
2230.46 11 36 1851 29
2231.91 11 36 558 -1
2233.23 11 37 292 29
2234.34 11 37 0 29
2234.94 11 36 558 29
2236.41 11 36 1851 29
2245.58 11 37 292 29
2246.23 10 37 587u0 29
2247.58 10 37 588 29
2249.48 11 37 0 29
2251.06 11 36 558 29
2253.44 11 36 1851 29
2257.71 21 39 292 29
2265.98 18 38 235 29
2267.44 17 39 0 29
2268.14 18 37 876 29
2271.24 18 37 878 29
2277.14 16 46 0 29
2278.06 16 46 192 29
2280.33 16 46 0 -1
2280.33 16 46 593 29
2280.81 16 46 776 29
2282.49 16 46 0 -1
2282.49 16 46 191 29
2291.81 20 39 776 29
2307.74 19 44 107 29
2309.78 11 36 558 -1
2314.66 20 39 0 29
2318.76 14 36 0 29
2383.72 10 -76 484 29
2385.72 11 -73 30u4 29
2387.04 11 -73 30u3 29
2389.56 10 -76 0 29
2400.51 0 -76 484 29
2401.29 0 -77 0 29
2411.27 0 -76 0 29
2450.24 -2 -120 484 29
2452.99 -2 -120 0 29
2464.42 -16 -142 484 29
2472.17 -16 -142 0 29
2489.96 -10 -181 484 29
2493.87 -9 -181 123 29
2495.54 -9 -181 122 29
2496.89 -10 -181 0 29
2500.50 -12 -186 484 29
2503.24 -14 -186 123 29
2503.99 -14 -185 123 29
2505.61 -14 -185 122 29
2505.95 -13 -185 124 29
2507.12 -14 -186 122 29
2508.27 -13 -185 292 29
2508.87 -13 -185 0 29
2509.84 -12 -186 0 29
2514.54 -7 -193 484 29
2516.67 -5 -193 292 29
2518.36 -6 -193 806 29
2519.92 -6 -193 0 29
2531.37 -7 -192 55 29
2538.27 -5 -193 0 29
2539.75 -7 -193 0 29
2544.65 -4 -201 484 29
2545.27 -3 -200 53 29
2546.07 -3 -201 57 29
2552.25 -3 -201 0 -1
2552.25 -3 -201 292 29
2553.24 -2 -201 57 29
2554.70 -2 -201 58 29
2563.90 -2 -201 0 29
2564.96 -3 -201 0 29
2566.22 -4 -201 0 29
2590.19 -36 -198 484 29
2593.67 -38 -198 236 29
2595.07 -38 -198 0 -1
2595.07 -38 -198 292 29
2596.35 -39 -198 236 29
2598.97 -38 -198 0 29
2599.74 -39 -198 0 -1
2599.74 -39 -198 292 29
2600.50 -39 -198 0 29
2601.79 -36 -198 0 29
2643.27 -2 -203 484 29
2645.84 -1 -203 39 29
2647.67 -1 -203 0 29
2648.85 -2 -203 0 29
2660.84 8 -192 484 29
2664.02 10 -191 774 29
2665.20 8 -192 0 29
2666.37 10 -191 779 29
2667.38 10 -191 4154 29
2691.57 24 -81 1422 29
2693.02 23 -81 30u3 29
2694.67 24 -81 0 29
2729.42 9 36 779 29
2738.00 21 40 0 29
2739.47 21 40 235 29
2741.85 20 39 34 29
2744.12 17 39 198 29
2755.12 15 34 579 29
2755.82 15 34 0 -1
2755.82 15 34 87 29
2755.82 15 33 458 29
42805.48 3 2 48 30
42807.33 5 1 4062u0 30
42818.93 11 36 558 -1
42831.20 17 39 0 30
42832.50 20 38 0 -1
42832.50 20 38 198 30
42833.76 20 38 0 -1
42833.76 20 38 292 30
42863.68 14 41 0 30
42864.38 11 36 558 -1
42877.41 12 42 334 30
42881.98 12 42 0 30
42886.16 6 41 340 30
42892.28 14 41 334 30
42893.85 10 42 1316u3 30
42894.90 10 42 1316 30
42895.53 9 42 4067u0 30
42896.61 9 42 4067u1 30
42903.26 16 43 0 30
42908.16 6 42 496 30
42910.06 8 43 502u2 30
42911.11 6 42 0 30
42911.96 9 42 4067u2 30
42913.48 6 41 341 30
42914.24 8 42 1316u1 30
42915.13 6 41 339 30
42915.94 8 42 1316u2 30
42916.86 6 41 338 30
42935.10 14 32 345 30
42936.50 14 34 0 30
42938.41 14 34 292 30
42941.36 11 35 579 30
42943.33 14 34 0 30
42943.83 15 34 0 30
42951.53 4 38 357 30
42952.86 6 37 292 30
42976.46 4 31 48 30
42979.43 6 34 64 30
42980.88 2 34 48 30
42983.82 6 35 64 30
43015.58 9 36 4154 30
43019.54 14 36 1422 30
43026.83 8 34 124 30
43030.59 4 31 48 30
43032.63 2 33 62 30
43043.84 8 27 99 30
43047.39 7 32 96 30
43056.79 20 34 48 30
43057.59 20 32 64 30
43071.58 8 43 0 30
43073.64 6 41 496 30
43079.17 8 43 502u2 30
43081.34 8 47 0 30
43082.29 8 48 1316u0 30
43082.81 8 48 344 30
43083.30 8 48 1316u0 30
43084.89 8 48 344 30
43086.01 8 47 344 30
43090.29 6 53 48 30
43091.93 5 53 64 30
43101.14 13 49 0 30
43108.78 11 41 779 30
43111.56 12 42 292 30
43117.69 14 42 0 -1
43117.69 14 42 808 30
43119.27 14 41 0 -1
43119.27 14 41 235 30
43121.14 16 43 334 30
43130.01 14 41 0 30
43147.01 19 38 236 30
43148.02 18 37 876 30
43148.81 18 37 878 30
43150.67 19 34 49 30
43152.52 17 35 61 30
43154.99 18 34 0 30
43155.97 16 35 75 30
43157.21 18 34 74 30
43158.91 20 34 48 30
43160.72 16 35 67 30
43161.62 17 35 78 30
43164.06 14 35 0 -1
43164.06 14 35 62 30
43166.54 17 35 82 30
43170.64 15 40 1316u1 30
43173.69 17 35 346 30
43186.52 19 38 1602u0 30
43191.91 12 31 0 30
43195.62 16 36 0 -1
43195.62 16 36 496 30
43196.91 16 36 72 30
43197.72 16 36 0 -1
43197.72 16 36 71u3 30
43201.21 18 40 247 30
43205.61 11 31 45 30
43209.16 16 36 0 -1
43209.16 16 36 66 30
43210.01 16 36 72 30
43210.39 16 36 0 -1
43210.39 16 36 71u3 30
43214.04 18 37 876 30
43215.56 18 37 878 30
43216.02 18 37 876 30
43216.69 18 37 878 30
43219.66 16 34 0 -1
43219.66 16 34 72 30
43221.94 15 34 148 30
43224.97 16 35 0 30
43227.39 17 35 346 30
43229.84 18 40 249 30
43232.49 18 36 248 30
43247.27 18 40 250 30
43253.44 18 40 250 30
43271.30 14 37 0 30
43272.74 14 36 67 30
43276.97 12 42 0 30
43279.02 11 41 4154 30
43283.86 17 44 1422 30
43285.49 16 45 292 30
43288.50 16 45 0 30
43291.34 16 45 292 30
43293.26 18 46 58 30
43294.25 16 45 0 30
43296.77 21 44 0 30
43313.22 6 10 1422 30
43315.46 5 10 1106u4 30
43317.11 5 10 1106u3 30
43318.27 5 10 1106u4 30
43319.29 5 10 1106u3 30
43319.72 5 10 1106u4 30
43320.52 5 10 1106u3 30
43324.60 6 6 0 30
43326.82 6 11 1422 30
43328.82 5 10 1106u2 30
43331.45 6 11 0 30
43361.27 14 49 1422 30
43362.72 10 49 406 30
43363.70 12 51 132 30
43365.32 14 49 0 30
43367.27 15 47 1422 30
43370.59 15 47 0 30
43376.79 12 50 0 -1
43376.79 12 50 1422 30
43377.82 14 49 132 30
43378.94 11 50 0 30
43379.72 14 50 132 30
43380.47 12 51 0 30
43381.07 14 51 132 30
43381.94 12 50 0 30
43385.50 11 51 0 -1
43385.50 11 51 1422 30
43386.50 14 52 132 30
43387.54 11 51 0 30
43417.79 11 36 558 -1
43427.29 14 31 2175 30
43432.34 11 36 558 -1
43433.32 10 36 779 30
43441.30 19 39 0 30
43447.59 17 26 2176 30
43448.99 16 26 151 30
43449.85 17 26 2177 30
43451.78 15 26 148 30
43452.32 17 26 2177u16 30
43456.34 18 26 2178 30
43465.27 16 26 0 30
43466.37 15 26 0 30
43473.65 14 34 152 30
43476.50 12 33 0 30
43480.23 18 26 146 30
43482.28 17 28 135 30
43486.65 17 28 0 30
43488.90 16 32 135 30
43494.75 16 32 0 30
43497.82 17 26 2182 30
43499.95 16 26 135 30
43500.77 17 26 0 30
43509.80 21 40 1354 30
43512.45 18 39 1354 30
43512.78 18 39 0 30
43515.62 17 35 85 30
43518.52 21 40 0 -1
43518.52 21 40 1355 30
43521.13 17 35 85 30
43524.28 16 34 0 -1
43524.28 16 34 235 30
43525.82 17 35 82 30
43528.98 15 40 1316u0 30
43533.02 17 35 346 30
43553.70 14 49 0 30
43555.70 13 50 132 30
43562.72 6 53 48 30
43567.48 6 56 62 30
43569.43 4 55 48 30
43570.72 5 53 4062u0 30
43581.93 11 36 558 -1
43584.80 11 36 558 30
43593.57 13 51 1101 30
43596.62 15 48 292 30
43605.98 18 38 0 30
43613.55 13 51 1101u0 30
43614.83 13 52 1138 30
43616.08 13 51 1138 30
43617.23 13 53 1138 30
43627.52 15 47 235 30
43630.65 15 40 344 30
43632.00 14 40 344 30
43645.62 24 43 0 30
43652.83 13 51 1136 30
43654.80 13 52 1136 30
43656.18 13 53 1136 30
43656.88 13 53 213 30
43658.85 13 52 213 30
43659.80 13 51 213 30
43661.33 16 51 850u2 30
43671.51 14 42 0 30
43675.60 13 51 2845 30
43679.90 15 47 0 30
43682.05 11 36 558 -1
43689.88 1 29 141u3 30
43716.55 13 51 2846 30
43718.50 15 49 235 30
43731.60 19 38 1602u1 30
43734.08 18 37 876 30
43743.56 18 37 878 30
43745.21 19 34 49 30
43746.25 18 37 876 30
43752.03 14 42 61 30
43779.63 12 34 0 30
43782.26 16 34 0 -1
43782.26 16 34 659 30
43786.75 15 40 0 30
43789.11 17 35 346 30
43804.50 11 34 0 30
43805.80 11 34 291 30
43820.25 18 37 878 30
43825.18 19 38 0 -1
43825.18 19 38 236 30
43826.14 19 38 0 -1
43826.14 19 38 1602u1 30
43827.06 19 39 236 30
43828.86 19 39 2183 30
43834.23 15 41 472u2 30
43837.35 15 41 472 30
43838.80 11 36 558 -1
43842.03 9 42 4067u1 30
43847.24 16 36 0 -1
43847.24 16 36 496 30
43847.89 16 36 72 30
43848.11 16 36 0 -1
43848.11 16 36 71u3 30
43850.69 18 40 247 30
43852.43 18 36 0 30
43853.63 17 35 346 30
43855.53 18 40 249 30
43856.74 18 38 248 30
43898.60 16 35 235 30
43927.39 15 36 0 30
43929.14 14 37 292 30
43931.31 14 34 0 30
43932.16 14 34 152 30
43934.49 16 34 0 30
43944.64 15 50 659 30
43951.39 15 50 0 30
43966.81 -1 81 659 30
44002.53 11 36 558 -1
44006.93 15 36 1602u0 30
44026.91 0 80 662u2 30
44027.69 -1 81 1099u0 30
44028.19 0 80 662u2 30
44028.71 -1 81 1099u1 30
44029.26 0 80 662u2 30
44029.86 -1 81 1099u2 30
44030.97 0 80 662u2 30
44032.21 -1 81 1099u3 30
44032.91 0 80 662u2 30
44033.72 -1 81 1099u4 30
44034.49 0 80 662u2 30
44035.33 -1 81 1099u5 30
44036.02 0 80 662u2 30
44036.86 -1 81 1099u6 30
44037.59 0 80 662u2 30
44038.61 -1 81 1099u7 30
44039.41 0 80 662u2 30
44040.84 -1 81 1099 30
44042.21 0 80 662u2 30
44043.21 -1 81 660 30
44046.19 -1 81 0 30
44102.24 41 81 660 30
44110.51 41 81 0 30
44134.54 17 39 660 30
44142.57 9 42 4067u0 30
44150.41 16 36 0 -1
44150.41 16 36 496 30
44151.01 16 36 72 30
44151.39 16 36 0 -1
44151.39 16 36 71u3 30
44152.52 17 35 82 30
44155.27 14 40 0 30
44162.07 16 35 0 -1
44162.07 16 35 198 30
44165.34 16 34 235 30
44165.79 16 35 0 30
44169.87 17 35 346 30
44174.24 9 42 496 30
44178.71 16 36 0 -1
44178.71 16 36 496 30
44179.12 16 36 72 30
44179.67 16 36 0 -1
44179.67 16 36 71u3 30
44182.74 18 40 247 30
44194.71 18 33 0 30
44195.54 17 35 346 30
44198.11 18 40 249 30
44201.16 16 35 248 30
44219.02 19 39 0 30
44220.05 18 40 2184 30
44235.75 15 51 236 30
44236.60 13 51 848 30
44239.12 13 52 2851 30
44251.87 15 49 0 30
44260.82 17 39 1099 30
44263.45 14 38 3946 30
44285.84 11 36 558 -1
44297.19 13 54 1101 30
44300.65 15 49 292 30
44309.09 16 34 0 30
44315.92 13 54 1101u0 30
44318.10 13 51 1136 30
44320.75 13 54 1138 30
44321.44 12 54 1138 30
44323.39 15 53 235 30
44326.97 16 51 0 30
44328.19 13 51 213 30
44331.31 13 54 1136 30
44331.72 13 54 213 30
44333.17 12 54 1136 30
44333.69 12 54 213 30
44336.59 16 51 850u1 30
44343.27 15 53 0 30
44351.84 17 39 1099u7 30
44360.35 13 52 2852 30
44362.35 15 52 235 30
44365.84 15 52 1603u0 30
44367.78 15 52 1603u1 30
44375.92 15 45 0 30
44400.13 6 34 0 30
44401.13 6 34 64 30
44401.82 5 35 0 30
44413.37 15 50 2745 30
44426.64 18 47 49 30
44434.53 18 50 61 30
44445.03 13 40 0 30
44446.90 14 40 467u3 30
44451.92 14 34 0 30
44453.25 14 34 152 30
44468.05 10 42 1316u3 30
44477.92 19 40 344 30
44478.98 18 40 237 30
44480.80 19 39 2186 30
44495.25 22 34 198 30
44495.60 21 34 87 30
63333.28 7 6 0 31
63335.23 7 6 291 31
63351.21 22 34 0 31
63359.36 13 37 238 31
63364.41 13 37 303 31
63370.88 11 36 558 -1
63411.26 10 35 0 31
63417.15 19 39 2187 31
63418.20 18 39 560 31
63419.51 19 39 0 31
63420.31 19 39 2187 31
63421.00 19 39 0 31
63422.45 19 39 2187 31
63423.36 19 38 1602u0 31
63424.25 19 39 2187u4 31
63430.05 20 39 0 -1
63430.05 20 39 236 31
63432.21 22 39 0 -1
63432.21 22 39 34 31
63434.13 23 40 134 31
63435.78 19 38 0 31
63439.58 19 38 1602u0 31
63458.91 15 36 0 31
63460.10 15 36 1602u0 31
63469.63 20 38 0 31
63470.38 18 37 876 31
63472.06 18 37 878 31
63473.01 18 37 876 31
63473.66 18 37 878 31
63478.18 21 34 0 31
63483.56 39 34 357 31
63493.33 20 38 292 31
63509.06 13 52 2854u3 31
63525.81 15 49 0 31
63529.19 12 52 292 31
63530.11 13 52 2854u2 31
63531.68 13 52 2854u1 31
63534.86 15 52 1603u0 31
63540.24 15 38 235 31
63540.83 14 38 30u4 31
63541.63 15 38 253u0 31
63542.13 14 38 30u3 31
63542.78 15 38 253u1 31
63543.28 14 38 30u2 31
63543.83 15 38 253u2 31
63544.48 14 38 30u1 31
63544.94 15 38 253u3 31
63545.49 14 38 30u0 31
63545.91 15 38 253u4 31
63546.69 14 38 279 31
63547.24 15 38 253 31
63547.76 15 38 0 31
63552.08 5 35 253 31
63555.79 6 37 0 31
63559.14 14 35 292 31
63566.86 1 29 141u2 31
63570.59 5 36 399 31
63571.24 4 35 235 31
63584.98 16 51 0 31
63595.24 6 36 213 31
63603.31 16 45 850u0 31
63619.23 11 36 558 -1
63636.56 10 52 1101 31
63639.31 11 51 292 31
63642.71 15 52 235 31
63645.58 10 52 1101u0 31
63647.31 10 53 1138 31
63649.54 10 52 1138 31
63650.36 10 51 1138 31
63655.08 16 50 235 31
63660.97 15 41 472u2 31
63662.49 15 41 472 31
63668.98 20 39 0 31
63669.59 19 39 2187u3 31
63673.67 20 39 236 31
63675.29 18 37 876 31
63676.29 18 37 878 31
63683.17 8 35 0 31
63684.79 8 35 66 31
63698.02 10 49 406 31
63700.61 12 50 132 31
63707.24 16 43 0 31
63711.47 10 49 340 31
63713.84 15 49 334 31
63715.74 10 49 341 31
63717.74 14 49 344 31
63719.41 10 49 339 31
63721.59 15 49 0 -1
63721.59 15 49 344 31
63723.87 15 47 334 31
63727.02 10 49 338 31
63735.02 15 40 345 31
63739.47 20 38 0 31
63740.42 20 38 292 31
63741.71 20 39 0 31
63742.29 19 39 2187u2 31
63744.91 20 39 236 31
63766.66 16 45 0 31
63770.24 10 51 1136 31
63772.19 11 49 851 31
63775.02 6 53 48 31
63780.07 16 45 64 31
63783.39 20 45 0 31
63791.87 38 57 32 31
63802.81 16 45 67 31
63803.64 15 45 34 31
63804.87 17 46 0 31
63805.87 16 45 92 31
63807.17 15 45 0 31
63807.74 16 45 850 31
63808.17 16 45 0 31
63812.11 10 51 213 31
63813.39 10 52 1136 31
63813.71 10 52 213 31
63815.31 10 53 1136 31
63815.55 10 53 213 31
63820.72 15 46 850 31
63826.30 5 36 400u3 31
63830.45 6 37 402 31
63831.80 5 36 400u2 31
63833.11 6 37 2742u0 -1
63833.82 5 36 400u1 31
63834.54 6 37 2742u1 31
63835.37 5 36 400u0 31
63836.14 6 37 2742u2 31
63837.19 5 36 848 31
63838.97 5 35 258 31
63841.87 5 35 0 31
63845.49 11 36 558 31
63847.15 11 36 1851 31
63850.30 10 38 609u6 31
63851.96 11 36 558 -1
63863.59 12 34 235 31
63874.36 7 34 0 31
63875.70 7 34 66 31
63910.04 13 52 2854u0 31
63911.17 13 51 2856 31
63912.52 13 52 848 31
63919.29 13 53 2856 31
63922.25 13 54 2856 31
63936.82 21 40 0 31
63938.20 21 40 235 31
63946.27 10 36 4154 31
63947.95 14 35 0 -1
63947.95 14 35 1422 31
63949.00 14 35 0 31
63954.94 15 48 0 -1
63954.94 15 48 1422 31
63955.82 15 48 0 31
63958.30 11 51 0 -1
63958.30 11 51 1422 31
63960.29 11 51 0 31
63961.02 12 52 0 -1
63961.02 12 52 1422 31
63962.07 12 52 0 31
63977.20 6 10 1422 31
63979.20 5 10 1106u1 31
63979.94 5 10 1106u2 31
63980.70 5 10 1106u1 31
63981.67 5 10 1106u2 31
63983.09 5 10 1106u1 31
63984.28 5 10 1106u2 31
63985.34 5 10 1106u1 31
63986.15 5 10 1106u2 31
63986.99 5 10 1106u1 31
63989.62 6 14 0 31
63992.45 4 10 1422 31
63994.60 5 10 1106u0 31
63996.15 5 10 408 31
63998.79 4 10 0 31
64013.34 10 36 779 31
64016.09 11 36 558 -1
64027.44 12 53 1101 31
64028.77 16 52 292 31
64029.88 15 52 0 31
64032.12 12 53 1101u0 31
64033.53 12 52 1138 31
64035.19 12 53 1138 31
64037.22 13 52 1136 31
64039.59 15 52 235 31
64041.09 15 50 0 31
64044.35 10 51 396 31
64046.57 10 52 396 31
64047.52 10 53 396 31
64048.34 11 52 2745u1 31
64059.22 19 38 236 31
64060.55 19 39 2187u1 31
64068.67 18 39 0 -1
64068.67 18 39 236 31
64073.10 14 34 0 31
64078.43 15 26 152 31
64079.37 16 26 0 31
64081.15 15 26 0 31
64112.97 22 -34 1440 31
64142.90 15 34 0 -1
64142.90 15 34 151 31
64144.07 15 34 0 31
64195.21 25 -27 1441 31
64198.05 24 -28 151 31
64199.32 25 -27 1443 31
64200.98 25 -27 1445 31
64204.18 24 -28 0 31
64211.73 20 -40 151 31
64213.38 20 -40 0 31
64220.16 19 -45 2176 31
64222.35 18 -44 151 31
64223.07 19 -45 2177 31
64225.76 18 -44 0 31
64228.71 19 -45 2182 31
64230.38 19 -45 0 31
64246.57 14 5 0 -1
64246.57 14 5 87 31
64261.11 13 5 674 32
64288.83 23 38 135 32
64298.23 17 47 0 32
64324.96 25 -27 1446 32
64353.06 11 36 558 32
64355.61 11 40 2728 32
64358.71 11 40 0 32
64360.19 11 36 558 -1
64363.36 14 35 59 32
64366.60 19 38 0 32
64367.98 19 39 2187u0 32
64371.10 11 36 558 -1
64390.66 11 36 558 -1
64392.16 11 36 1851 32
64398.11 19 38 236 32
64477.89 20 33 661u0 32
64479.54 21 32 33 32
64480.54 20 34 48 32
64481.93 20 32 4062u0 32
64482.54 21 32 0 32
64497.01 35 9 33 32
64498.24 33 9 2142u3 32
64500.36 35 9 0 -1
64500.36 35 9 2144 32
64501.23 35 8 32 32
64537.11 14 -31 1128 32
64538.11 13 -31 34 32
64538.98 14 -31 0 32
64539.76 14 -31 1128 32
64540.66 14 -31 0 32
64541.26 14 -31 1128 32
64542.49 13 -31 0 32
64546.03 14 -31 0 -1
64546.03 14 -31 34 32
64547.91 15 -31 1128 32
64548.78 15 -31 0 32
64549.49 15 -31 1128 32
64551.06 14 -31 0 32
64552.64 18 -31 34 32
64558.64 18 -31 0 32
64564.08 15 -22 34 32
64568.22 15 -22 0 32
64569.21 15 -23 34 32
64573.71 13 -22 1107u0 32
64578.84 15 -23 0 -1
64578.84 15 -23 1108 32
64585.14 15 -23 0 32
64613.09 20 39 0 32
64614.31 19 39 2188 32
64616.22 20 39 236 32
64639.02 15 46 0 -1
64639.02 15 46 1108 32
64643.99 25 48 1136 32
64644.37 25 48 213 32
64649.62 15 46 0 -1
64649.62 15 46 850 32
64653.74 25 48 1109 32
64660.22 11 36 558 -1
64666.57 18 39 2183 32
64672.77 21 40 0 32
64674.22 17 39 1099u6 32
64682.89 25 48 1110 32
64687.74 16 43 235 32
64704.54 12 34 0 32
64705.99 13 34 0 -1
64705.99 13 34 235 32
64706.82 14 34 207 32
64712.07 20 39 0 32
64713.66 20 39 236 32
64721.91 19 46 48 32
64722.84 17 46 64 32
64732.62 14 52 0 32
64733.67 14 52 132 32
64750.64 19 34 49 32
64752.20 16 34 61 32
64763.22 19 39 2193 32
64769.77 17 35 2192 32
64771.32 17 35 0 32
64772.65 17 34 2192 32
64789.20 17 34 0 32
64797.84 21 40 2192 32
64802.49 19 34 49 32
64804.37 17 35 61 32
64808.79 9 42 0 32
64814.87 16 36 0 -1
64814.87 16 36 496 32
64815.45 16 36 72 32
64823.32 8 43 0 32
64826.85 8 46 496 32
64827.65 8 45 496 32
64831.17 10 49 496 32
64835.45 16 45 502u1 32
64839.12 10 49 0 32
64845.95 15 34 496 32
64848.52 15 34 72 32
64849.32 15 34 0 -1
64849.32 15 34 71u3 32
64851.62 16 36 1599u0 32
64854.69 20 34 48 32
64856.89 17 34 62 32
64858.54 18 34 0 32
64859.89 16 35 75 32
64860.67 17 34 0 -1
64860.67 17 34 74 32
64861.64 16 35 67 32
64862.75 17 35 78 32
64864.85 18 36 62 32
64865.69 16 36 72 32
64867.42 17 35 82 32
64873.82 10 42 1316u2 32
64878.19 17 35 346 32
64880.65 16 36 0 32
64883.22 18 40 247 32
64884.24 18 38 0 32
64886.20 17 35 346 32
64888.72 18 40 249 32
64890.82 16 36 248 32
64892.50 16 35 0 32
64893.70 14 36 557 32
64894.64 14 36 0 32
64897.12 12 34 557 32
64899.87 12 35 0 32
64900.54 12 34 556 32
64901.07 12 34 0 -1
64901.07 12 34 462u2 32
64922.55 16 36 0 -1
64922.55 16 36 556 32
64923.67 16 35 248 32
64929.42 19 39 2189 32
64990.27 17 50 2192 32
65006.05 16 35 0 32
65008.60 16 35 67 32
65013.22 19 39 0 32
65014.50 21 40 0 -1
65014.50 21 40 2189 32
65015.17 21 40 2201 32
65017.42 21 40 0 32
65027.27 17 50 0 -1
65027.27 17 50 2201 32
65028.20 17 50 2200 32
65029.52 17 50 0 32
65040.48 17 50 2200 32
65044.35 14 40 0 32
65046.14 14 39 467u3 32
65060.23 10 42 1316u1 32
65062.05 10 42 1316u2 32
65064.20 8 45 0 32
65069.30 15 34 0 -1
65069.30 15 34 496 32
65069.97 15 34 72 32
65070.43 15 34 0 -1
65070.43 15 34 71u3 32
65072.95 18 40 247 32
65074.17 17 38 0 32
65075.93 17 35 346 32
65078.58 18 40 249 32
65079.78 17 38 248 32
65134.65 18 39 0 32
65135.78 18 40 2184 32
65148.11 14 37 0 32
65150.73 15 38 292 32
65170.50 18 40 237 32
65171.46 18 39 2186 32
65175.05 18 39 2187 32
65176.95 20 39 0 32
65177.78 18 39 2187u4 32
65179.91 19 39 236 32
65181.16 18 37 876 32
65183.31 18 37 878 32
65191.83 25 48 1112u2 32
65196.33 17 47 1113 32
65200.06 17 47 1114 32
65204.61 16 50 0 32
65206.16 17 47 0 -1
65206.16 17 47 235 32
65207.98 17 47 0 -1
65207.98 17 47 1114 32
65212.46 16 50 235 32
65217.83 25 48 1112u1 32
65222.95 15 50 1113 32
65224.91 15 50 1114 32
65231.43 9 53 406 32
65233.76 14 54 132 32
65248.61 8 29 99 32
65251.93 5 35 96 32
65253.31 4 35 0 32
65254.56 4 35 235 32
65274.18 11 36 558 -1
65277.96 9 35 292 32
65289.28 10 54 1101 32
65293.46 15 45 292 32
65300.86 11 36 558 -1
65314.98 9 51 1101 32
65319.39 16 44 292 32
65324.81 18 37 876 32
65325.94 19 39 0 32
65326.49 18 39 2187u3 32
65328.41 19 39 236 32
65329.96 18 37 878 32
65331.56 18 37 876 32
65334.18 11 36 558 -1
65334.61 10 36 4154 32
65337.14 11 36 558 32
65350.73 56 47 0 -1
65350.73 56 47 1422 32
65351.83 56 47 0 32
65352.86 58 48 0 -1
65352.86 58 48 1422 32
65353.82 58 48 0 32
65354.36 58 49 0 -1
65354.36 58 49 1422 32
65355.24 58 49 0 32
65355.96 59 50 1422 32
65356.81 59 50 0 32
65357.36 59 51 0 -1
65357.36 59 51 1422 32
65358.26 59 51 0 32
65368.68 21 32 1422 32
65369.93 20 33 33 32
65371.83 21 32 0 32
65381.98 20 45 1422 32
65384.54 26 45 0 32
65387.94 20 47 557 32
65388.99 20 45 0 32
65390.96 18 44 1422 32
65393.14 19 44 486 32
65395.46 19 44 0 32
65395.46 19 44 f1596 32
65396.06 20 44 0 -1
65396.06 20 44 107 32
65397.31 18 44 0 32
65398.19 22 44 1422 32
65400.93 20 44 486 32
65404.49 20 44 0 32
65404.49 20 44 f1596 32
65406.18 20 44 107 32
65406.64 22 44 0 32
65407.28 23 44 1422 32
65409.69 20 44 0 32
65410.18 21 44 107 32
65412.21 21 44 486 32
65414.51 23 44 0 32
65415.14 20 44 1422 32
65418.43 21 44 0 32
65418.43 21 44 f1596 32
65419.14 22 44 107 32
65422.14 22 44 486 32
65425.21 22 44 0 32
65425.21 22 44 f1596 32
65426.16 23 44 107 32
65429.88 11 44 0 32
65441.93 16 36 0 -1
65441.93 16 36 1422 32
65443.19 16 36 0 32
65450.98 27 45 1422 32
65456.88 23 44 0 32
65458.44 26 45 107 32
65459.16 27 45 0 32
65459.93 28 45 1422 32
65462.46 26 45 486 32
65463.06 26 45 108 32
65464.71 28 45 0 32
65470.11 18 37 878 32
65472.76 18 37 876 32
65474.53 21 40 1422 32
65476.86 19 39 0 32
65477.41 18 39 2187u2 32
65479.53 19 39 236 32
65480.71 21 40 0 32
65482.14 18 37 878 32
65482.69 18 37 876 32
65484.59 18 37 878 32
65487.29 18 37 876 32
65491.59 16 45 0 -1
65491.59 16 45 1422 32
65492.51 16 45 0 32
65495.33 28 45 1422 32
65497.34 26 45 553 32
65501.62 26 45 550 32
65503.24 28 45 0 32
65508.12 22 44 1422 32
65512.42 23 44 107 32
65513.08 22 44 0 32
65518.02 14 40 1422 32
65521.14 14 41 496 32
65523.62 14 42 502u0 32
65524.31 14 40 0 32
65528.54 26 45 779 32
65530.11 26 45 4154 32
65535.21 26 45 779 32
65557.87 15 35 0 32
65559.17 11 36 558 -1
65561.42 11 38 577 32
65566.39 11 38 576 32
65567.24 11 36 558 -1
65569.67 11 36 1851 32
65572.87 11 35 0 -1
65572.87 11 35 578 32
65573.69 11 35 1125 32
65574.31 12 35 579 32
65575.67 12 35 0 32
65577.87 9 35 0 32
65586.27 16 46 0 -1
65586.27 16 46 292 32
65588.11 16 46 0 32
65599.67 12 35 292 32
65605.24 11 35 1126 32
65606.72 11 35 0 32
65608.14 12 35 0 32
65610.81 16 36 292 32
65613.71 16 34 151 32
65616.02 17 35 560 32
65617.79 15 35 34 32
65620.02 15 36 0 -1
65620.02 15 36 568 32
65621.12 14 36 1602u0 32
65624.54 12 35 33 32
65635.84 13 44 54 32
65637.94 15 44 57 32
65642.12 18 37 878 32
65647.19 19 39 0 32
65648.47 18 39 2187u1 32
65650.29 19 39 236 32
65654.74 18 37 876 32
65665.79 26 45 4154 32
65670.94 36 49 0 -1
65670.94 36 49 1422 32
65672.18 36 49 0 32
65672.90 34 50 0 -1
65672.90 34 50 1422 32
65673.80 34 50 0 32
65675.46 30 51 0 -1
65675.46 30 51 1422 32
65676.39 30 51 0 32
65677.45 33 52 0 -1
65677.45 33 52 1422 32
65678.41 33 52 0 32
65679.87 30 53 0 -1
65679.87 30 53 1422 32
65681.45 30 53 0 32
65682.75 27 53 0 -1
65682.75 27 53 1422 32
65687.22 30 53 33 32
65687.94 27 53 0 32
65712.90 26 45 779 32
65718.52 23 44 486 32
65719.60 22 44 33 32
65723.24 23 44 0 32
65723.24 2