startTime: 1614157004.28
33.31 5 38 0 12
35.72 5 36 0 12
44.34 13 34 0 12
46.84 13 35 292 12
47.87 14 35 0 12
67.77 0 80 662 12
95.65 13 43 3946 12
96.74 15 43 235 12
116.09 13 35 0 12
125.89 15 44 292 12
128.60 16 43 0 12
130.24 15 44 0 12
148.55 19 97 292 12
152.86 20 97 39 12
154.40 20 97 0 12
163.85 19 97 0 12
175.24 47 87 292 12
178.04 46 88 39 12
179.22 47 87 0 12
179.84 47 87 292 12
180.35 46 88 0 12
181.49 47 87 0 12
210.00 19 80 292 12
212.64 19 80 0 12
218.62 39 80 292 12
219.49 40 80 3961u2 12
221.42 40 80 3961u1 12
223.39 40 80 3961u0 12
226.55 40 80 3944 12
229.52 39 80 0 12
241.92 79 80 292 12
242.67 80 80 3961u2 12
246.52 80 80 3961u1 12
248.37 80 80 3961u0 12
264.35 78 80 290 12
265.00 79 80 0 12
302.19 -11 55 292 12
305.70 -11 54 39 12
306.60 -12 54 39 12
308.75 -12 57 39 12
310.17 -11 57 34 12
312.45 -12 57 0 12
314.93 -11 54 0 12
318.78 -12 54 0 12
324.88 -11 55 0 12
325.95 -11 57 0 -1
325.95 -11 57 292 12
327.82 -11 57 0 12
343.72 13 35 292 12
346.03 14 35 290 12
349.12 15 35 290 12
354.70 15 35 1598u0 12
356.60 15 35 1598u1 12
358.18 15 35 1598u2 12
359.53 15 35 1598u3 12
360.55 14 35 0 12
361.02 15 35 1598 12
365.35 14 36 0 12
368.28 15 33 496 12
370.83 14 35 502u2 12
383.72 15 41 0 12
405.30 34 47 0 12
415.03 14 36 291 12
418.13 16 36 49 12
420.88 11 36 61 12
422.28 9 37 0 12
429.43 9 37 74 12
432.65 12 34 0 12
434.73 15 33 72 12
436.07 13 34 334 12
437.10 15 33 0 12
441.38 11 37 72 12
445.80 9 38 48 12
447.10 8 39 64 12
450.62 9 37 0 12
451.13 10 37 75 12
451.67 9 37 74 12
452.58 9 38 48 12
453.30 10 37 67 12
456.88 11 36 78 12
458.13 11 37 0 -1
458.13 11 37 62 12
462.62 11 36 82 12
464.62 8 35 344 12
465.56 11 36 346 12
469.52 10 37 0 12
473.00 11 36 346 12
474.80 13 37 304 12
475.80 10 37 248 12
477.92 14 37 0 12
478.82 13 36 0 12
479.81 13 37 304 12
480.93 12 36 330 12
481.48 13 36 239 12
483.55 12 36 331 12
484.33 12 36 854 12
485.60 12 36 445 12
486.30 12 36 444 12
487.48 12 36 446 12
488.51 12 36 447 12
489.26 12 36 448 12
489.95 12 36 499 12
490.85 12 36 682 12
499.66 13 36 0 12
500.68 15 35 1598u3 12
501.65 13 37 304 12
502.40 14 36 309 12
502.96 13 36 239 12
504.60 14 36 313 12
506.87 12 36 291 12
512.56 5 36 685 12
518.87 14 38 279 12
521.00 15 39 30u2 12
523.53 13 37 238 12
524.43 14 37 288 12
530.81 10 38 45 12
533.10 13 34 0 -1
533.10 13 34 66 12
533.85 13 34 72 12
534.13 13 34 0 -1
534.13 13 34 334 12
535.76 13 37 281 12
551.18 2 34 48 12
553.28 6 34 64 12
554.40 7 34 0 12
556.81 6 35 0 12
562.53 7 38 0 12
564.55 6 34 67 12
566.50 6 34 0 12
568.80 5 36 684 12
569.83 5 36 0 12
571.78 5 36 684 12
584.08 10 37 0 12
584.83 11 36 346 12
587.75 13 37 282 12
588.55 11 37 248 12
590.43 15 36 0 12
591.45 13 37 293 12
592.43 13 36 0 12
593.05 14 36 291 12
593.58 15 36 314 12
596.75 14 36 0 -1
596.75 14 36 239 12
597.35 13 36 291 12
600.01 15 35 1598u2 12
601.43 14 36 0 -1
601.43 14 36 290 12
602.21 15 35 1598u1 12
603.88 14 36 1598u0 12
604.56 15 35 1598u0 12
605.43 14 36 1598u1 12
606.16 15 35 290 12
606.80 14 36 1598u2 12
607.46 15 35 0 12
608.05 14 36 1598u3 12
612.16 15 35 239 12
616.01 6 36 0 12
619.23 10 37 235 12
621.45 12 37 302 12
622.81 10 37 318 12
625.30 15 36 0 12
627.71 10 37 316 12
629.45 10 35 0 12
631.51 10 37 319 12
636.36 15 43 0 12
640.15 12 37 0 -1
640.15 12 37 235 12
641.54 12 37 318 12
642.23 13 37 299 12
644.38 14 37 0 -1
644.38 14 37 127 12
645.43 13 37 305 12
651.53 15 35 0 12
655.24 11 37 0 -1
655.24 11 37 239 12
656.43 11 36 346 12
657.50 13 37 304 12
658.31 11 37 0 -1
658.31 11 37 248 12
659.49 14 36 1598u2 12
660.44 13 37 304 12
661.29 12 36 309 12
661.96 14 36 1598u1 12
662.81 13 37 304 12
663.51 13 36 309 12
664.50 15 36 239 12
668.00 13 36 313 12
668.83 12 36 313 12
669.76 15 36 0 -1
669.76 15 36 441 12
670.46 13 36 291 12
671.38 15 36 0 -1
671.38 15 36 2218 12
672.66 15 36 0 -1
672.66 15 36 441 12
673.69 15 36 0 -1
673.69 15 36 2218 12
675.46 15 36 0 12
675.88 15 36 314 12
676.41 14 36 1598u0 12
677.19 13 37 304 12
678.48 13 36 309 12
679.36 12 36 291 12
680.28 15 36 2123u0 12
680.80 14 36 290 12
681.63 13 37 304 12
682.96 12 36 309 12
684.86 15 37 239 12
687.08 13 36 313 12
687.93 12 36 313 12
690.36 13 36 291 12
691.29 15 36 2123u1 12
692.48 12 36 291 12
693.41 15 36 2123u2 12
695.41 15 36 2123u1 12
697.14 12 37 316 12
698.24 10 36 0 12
700.53 10 36 190 12
701.13 11 35 0 12
702.34 12 37 319 12
704.64 13 37 238 12
707.41 10 35 288 12
708.58 8 35 0 12
709.73 11 36 346 12
712.72 12 38 48 12
715.16 13 34 0 -1
715.16 13 34 64 12
715.63 13 34 72 12
716.03 13 34 0 -1
716.03 13 34 334u3 12
717.64 13 37 281 12
721.89 11 37 0 12
724.58 11 36 346 12
725.61 13 37 282 12
726.08 11 37 248 12
727.49 14 37 0 12
728.56 13 37 293 12
736.88 16 39 34 12
759.13 13 37 299 12
761.33 14 39 127 12
765.73 13 35 0 12
766.63 13 35 292 12
778.08 10 35 0 12
781.54 13 37 305 12
783.21 15 37 0 12
784.89 11 37 0 -1
784.89 11 37 239 12
785.99 11 36 346 12
786.99 13 37 304 12
787.73 11 37 0 -1
787.73 11 37 248 12
788.74 10 37 0 12
789.89 13 37 304 12
791.41 14 37 321 12
792.54 12 37 0 12
793.29 13 37 304 12
794.09 12 37 321 12
795.63 14 36 0 12
796.46 13 37 304 12
797.54 13 36 309 12
797.94 14 36 239 12
799.94 13 36 313 12
801.64 13 36 291 12
802.58 15 36 2123u2 12
804.39 12 37 325 12
806.66 15 37 236 12
807.18 14 37 325 12
807.78 15 37 1602u0 12
808.31 14 37 235 12
809.01 14 36 0 -1
809.01 14 36 326 12
809.83 14 36 0 12
810.71 13 37 304 12
811.88 13 36 330 12
813.44 14 36 239 12
815.13 13 36 331 12
815.96 13 36 854 12
817.06 14 36 0 -1
817.06 14 36 441u3 12
820.46 14 36 0 -1
820.46 14 36 239 12
823.18 15 35 441u3 12
825.23 13 37 238 12
827.43 10 37 288 12
829.86 7 40 48 12
831.08 7 39 64 12
831.74 6 39 48 12
832.43 7 38 64 12
834.79 8 41 45 12
839.49 13 34 0 -1
839.49 13 34 66 12
840.09 13 34 72 12
840.46 13 34 0 -1
840.46 13 34 334u3 12
841.54 13 37 281 12
842.94 11 37 0 12
843.47 13 37 282 12
844.07 11 37 248 12
847.63 14 39 0 12
848.44 13 37 293 12
850.67 13 36 291 12
852.46 11 38 857 12
855.52 11 38 0 12
889.01 15 43 857 12
892.32 14 37 0 12
895.66 14 43 1138 12
898.16 13 47 1138 12
900.12 15 43 0 -1
900.12 15 43 235 12
901.09 14 43 1136 12
901.88 14 43 213 12
904.18 13 47 1136 12
904.91 13 47 213 12
908.54 15 44 857 12
909.57 15 43 0 12
910.16 14 44 1138 12
912.39 13 48 1138 12
914.72 14 45 1138 12
916.96 12 48 1138 12
919.19 15 44 0 -1
919.19 15 44 235 12
920.96 14 44 1136 12
922.34 14 45 1136 12
922.76 14 45 213 12
923.82 14 44 213 12
926.32 13 48 1136 12
927.81 13 48 213 12
929.51 12 48 1136 12
929.84 12 48 213 12
931.99 15 45 857u3 12
936.89 12 37 235 12
938.77 14 37 326 12
941.32 9 36 0 12
943.52 9 35 0 -1
943.52 9 35 190 12
944.77 9 36 135 12
948.07 13 37 299 12
949.79 11 35 127 12
952.97 10 37 0 12
954.17 13 37 305 12
970.67 13 35 0 12
971.44 13 37 303 12
973.59 12 37 0 -1
973.59 12 37 298 12
975.16 10 36 235 12
979.09 15 32 49 12
980.66 13 33 61 12
981.69 13 34 0 12
983.04 15 32 342 12
984.59 14 32 334u3 12
985.11 15 32 343 12
987.42 11 36 346 12
991.29 13 37 238 12
992.46 13 37 303 12
993.64 15 39 30u1 12
995.29 15 39 30u0 12
996.82 15 39 279 12
999.32 17 40 72 12
1004.02 14 37 0 -1
1004.02 14 37 72 12
1005.64 13 35 326 12
1007.27 13 37 238 12
1009.06 11 38 288 12
1016.56 15 36 2123u1 12
1018.49 10 36 317 12
1019.42 12 37 0 12
1019.92 12 37 300 12
1020.51 10 37 292 12
1021.11 12 37 301 12
1022.19 10 36 316 12
1025.96 15 37 236 12
1027.97 10 36 319 12
1032.99 15 44 0 12
1040.39 14 39 235 12
1042.74 12 37 302 12
1045.47 14 39 318 12
1045.71 14 39 0 12
1047.97 13 34 318 12
1049.96 15 36 2123u0 12
1051.66 13 34 316 12
1051.95 13 34 0 12
1055.94 10 37 0 -1
1055.94 10 37 316 12
1057.47 10 35 292 12
1061.32 15 37 0 12
1063.47 10 37 319 12
1068.22 17 40 0 12
1071.77 13 37 281 12
1075.31 11 37 0 12
1078.22 11 36 346 12
1079.07 13 37 282 12
1079.54 11 37 248 12
1080.75 11 35 0 12
1081.97 13 37 293 12
1083.39 10 35 0 12
1124.74 -30 7 292 12
1125.27 -29 6 2142u5 12
1126.65 -29 6 2142u4 12
1128.57 -29 6 2142u3 12
1131.90 -29 6 2142u2 12
1132.87 -30 7 0 12
1159.57 8 35 292 12
1163.35 10 35 2144 12
1165.65 13 37 299 12
1167.05 11 38 0 -1
1167.05 11 38 127 12
1167.90 13 37 305 12
1173.02 11 37 0 12
1174.72 11 36 346 12
1176.49 13 37 304 12
1177.52 14 36 0 -1
1177.52 14 36 248 12
1179.37 10 37 0 12
1180.17 13 37 304 12
1181.24 11 37 321 12
1182.37 10 36 0 12
1183.30 13 37 304 12
1184.84 10 36 321 12
1186.75 10 37 239 12
1191.49 11 37 325 12
1193.64 15 37 236 12
1195.54 10 36 325 12
1198.65 15 37 1602u0 12
1201.14 11 37 235 12
1202.19 10 37 0 -1
1202.19 10 37 326 12
1203.04 10 37 0 12
1203.97 13 37 304 12
1205.25 13 36 330 12
1207.02 10 37 239 12
1216.42 15 35 0 -1
1216.42 15 35 34 12
1218.49 13 35 0 -1
1218.49 13 35 441u3 12
1222.74 14 37 0 -1
1222.74 14 37 326 12
1225.24 14 37 0 -1
1225.24 14 37 72 12
1229.47 15 35 0 -1
1229.47 15 35 326 12
1230.20 13 34 34 12
1233.20 15 36 314 12
1235.35 11 37 317 12
1236.09 12 37 0 12
1236.63 11 37 316 12
1240.47 15 37 236 12
1241.87 11 37 319 12
1244.45 15 32 338 12
1247.38 11 36 346 12
1248.72 13 37 238 12
1250.02 12 37 288 12
1252.10 14 37 0 12
1252.52 13 37 281 12
1254.57 11 38 0 12
1257.94 11 38 127 12
1259.38 14 36 0 12
1260.17 11 36 346 12
1260.97 13 37 282 12
1262.00 14 36 248 12
1263.57 11 38 0 12
1264.32 13 37 293 12
1265.60 14 36 0 12
1266.38 14 37 248 12
1267.57 15 35 0 12
1268.77 14 36 326 12
1270.27 13 36 291 12
1271.20 14 36 1837u0 12
1279.10 9 35 2144 12
1294.63 13 37 299 12
1296.70 11 38 127 12
1299.05 12 37 0 12
1299.45 13 37 305 12
1303.89 14 37 0 12
1306.14 13 37 304 12
1307.18 10 37 0 -1
1307.18 10 37 248 12
1307.67 11 37 0 12
1308.57 13 37 304 12
1309.37 12 37 321 12
1313.20 14 37 239 12
1314.43 14 37 0 12
1315.23 14 36 326 12
1316.18 13 37 304 12
1317.58 13 36 330 12
1318.30 14 36 0 12
1319.12 13 37 304 12
1320.43 12 36 330 12
1321.08 13 35 0 -1
1321.08 13 35 239 12
1322.00 13 36 331 12
1322.83 12 36 331 12
1323.43 13 36 854 12
1324.27 12 36 854 12
1324.87 13 36 445 12
1326.27 12 36 445 12
1327.00 12 36 444 12
1328.32 14 36 441u3 12
1329.10 13 35 0 12
1331.30 10 36 0 -1
1331.30 10 36 239 12
1331.77 11 35 325 12
1332.72 11 35 235 12
1333.30 10 36 0 -1
1333.30 10 36 326 12
1333.73 10 36 0 12
1335.02 13 37 304 12
1338.83 14 37 328 12
1340.93 13 35 239 12
1341.83 13 36 291 12
1342.68 13 35 0 -1
1342.68 13 35 455 12
1343.53 14 37 0 12
1344.42 13 36 330 12
1345.22 14 36 0 -1
1345.22 14 36 239 12
1345.97 13 36 331 12
1346.73 13 36 854 12
1347.60 13 36 445 12
1348.95 13 36 444 12
1350.18 13 36 446 12
1357.58 14 37 441u3 12
1361.93 7 38 0 12
1366.30 7 38 64 12
1370.23 13 34 0 12
1373.73 7 38 67 12
1374.85 7 39 67 12
1375.62 8 39 67 12
1376.35 8 39 0 -1
1376.35 8 39 34 12
1381.33 13 34 67 12
1382.77 12 36 291 12
1383.97 13 34 462 12
1386.62 13 36 291 12
1389.60 10 35 456 12
1393.45 7 39 0 12
1397.73 10 36 67 12
1403.53 13 34 0 12
1405.48 12 35 467 12
1406.45 12 34 462 12
1409.67 14 35 0 12
1411.40 15 32 496 12
1412.58 15 34 502u2 12
1413.38 15 32 0 12
1415.00 15 35 496 12
1419.23 14 32 0 12
1422.25 15 35 72 12
1423.23 14 35 334u3 12
1424.52 15 34 0 12
1425.20 14 34 503 12
1425.87 15 34 502u2 12
1426.91 13 35 0 12
1427.41 14 34 508 12
1428.68 12 35 0 12
1429.52 14 34 546u3 12
1430.75 13 34 467 12
1431.50 14 34 506 12
1431.91 14 34 882u3 12
1432.78 13 34 0 12
1433.18 14 34 883u3 12
1433.85 13 34 467u3 12
1434.87 14 34 881 12
1436.15 12 35 455u3 12
1464.13 9 35 2144 12
1469.33 16 39 0 12
1469.83 16 39 34 12
1474.55 16 39 0 12
1479.78 7 38 69 12
1483.05 7 38 0 12
1485.63 10 35 463 12
1488.35 10 35 0 12
1490.03 7 36 468 12
1492.78 13 34 0 12
1495.33 7 36 469 12
1496.58 6 36 467u3 12
1497.36 7 36 470 12
1498.70 6 35 463 12
1506.43 8 35 0 12
1528.95 0 82 292 12
1529.90 0 83 53 12
1531.10 0 82 0 12
1539.43 6 95 292 12
1540.75 5 95 30u1 12
1543.00 6 95 0 12
1563.70 6 149 292 12
1565.30 5 150 30u3 12
1569.40 6 149 0 12
1572.68 0 152 292 12
1573.38 -1 152 55 12
1574.10 0 152 0 12
1578.40 -9 160 292 12
1581.45 -8 159 0 12
1583.61 -9 160 0 12
1587.91 -16 160 292 12
1590.11 -15 161 806 12
1591.93 -15 161 0 12
1592.88 -16 160 0 12
1628.66 -26 200 292 12
1629.28 -27 200 53 12
1630.46 -27 199 57 12
1633.63 -27 199 58 12
1634.40 -27 199 0 12
1636.36 -28 199 0 12
1645.63 -26 200 0 12
1657.08 -19 206 292 12
1657.99 -18 206 55 12
1658.79 -17 206 57 12
1662.01 -17 206 58 12
1664.69 -17 206 59 12
1665.13 -17 206 0 12
1666.45 -19 206 0 12
1667.76 -20 207 292 12
1669.24 -21 206 0 12
1671.71 -20 207 0 12
1813.61 -82 84 292 12
1814.57 -83 83 0 12
1816.66 -82 84 0 12
1817.51 -82 84 292 12
1819.81 -84 84 53 12
1823.97 -82 84 0 12
1844.14 -39 80 292 12
1845.06 -40 80 3961u2 12
1848.06 -40 80 3961u1 12
1849.96 -38 80 290 12
1855.81 -38 80 0 -1
1855.81 -38 80 2144 12
1858.53 -39 80 0 12
1892.44 17 45 292 12
1897.19 13 43 30u4 12
1898.17 15 43 31 12
1898.84 13 43 30u3 12
1899.76 16 43 31 12
1901.14 13 43 30u2 12
1902.66 17 43 31 12
1908.78 15 35 0 12
1911.94 11 36 82 12
1914.59 14 35 0 12
1920.44 14 35 334u3 12
1923.51 13 39 30u4 12
1927.36 14 35 0 12
1928.89 17 33 342 12
1929.61 15 33 334u3 12
1930.21 17 33 343 12
1932.96 11 36 346 12
1940.81 12 37 325 12
1943.31 13 35 236 12
1944.32 12 37 235 12
1945.86 14 35 326 12
1960.41 13 39 30u3 12
1962.34 13 39 30u2 12
1967.91 9 36 0 12
1972.37 15 43 35 12
1973.37 16 43 35 12
1974.67 17 43 35 12
1975.49 17 43 0 -1
1975.49 17 43 135 12
1977.02 14 45 216 12
1979.04 16 43 0 12
1985.39 14 43 216 12
1990.66 12 37 0 12
2012.52 9 35 235 12
2018.94 17 45 0 12
2024.95 7 38 292 12
2030.19 7 36 434 12
2032.80 10 36 0 12
2034.11 7 36 471 12
2043.87 11 35 0 12
2049.11 14 39 235 12
2050.80 13 39 30u1 12
2054.75 13 39 30u0 12
2058.54 14 34 0 12
2073.99 15 48 0 12
2073.99 15 48 f884 12
2076.22 15 47 0 -1
2076.22 15 47 107 12
2076.87 15 47 486 12
2077.69 16 47 33 12
2085.02 11 43 406 12
2089.37 12 37 132 12
2092.20 15 35 290 12
2094.57 15 35 1598u0 12
2098.80 8 36 0 12
2102.64 8 34 0 -1
2102.64 8 34 514 12
2103.40 8 34 515 12
2104.87 8 35 135 12
2122.49 13 37 238 12
2127.70 11 37 288 12
2131.74 15 33 0 12
2134.97 12 37 72 12
2136.29 12 37 0 -1
2136.29 12 37 334u3 12
2137.15 13 37 281 12
2138.44 10 37 0 12
2139.14 11 36 346 12
2140.05 13 37 282 12
2141.00 10 37 248 12
2142.52 11 38 0 12
2143.75 13 37 293 12
2148.59 12 37 0 12
2152.19 12 43 3146 12
2165.37 12 37 334u3 12
2169.14 13 39 279 12
2171.20 14 42 0 12
2173.42 14 42 64 12
2175.57 12 44 406 12
2180.27 12 37 0 -1
2180.27 12 37 132 12
2180.88 12 37 72 12
2181.45 12 37 0 -1
2181.45 12 37 334u3 12
2183.24 10 36 72 12
2185.87 17 33 338 12
2188.12 11 36 346 12
2191.45 15 34 0 12
2192.40 17 33 496 12
2193.74 15 34 502u2 12
2194.59 17 33 0 12
2198.40 13 34 496 12
2200.17 13 37 299 12
2208.00 14 40 127 12
2210.68 15 43 0 12
2212.70 14 44 216 12
2218.87 12 35 0 12
2220.48 12 35 455u3 12
2229.40 7 39 807 12
2232.63 5 38 57 12
2233.33 7 38 0 12
2237.07 13 37 238 12
2239.30 11 38 300 12
2241.79 11 35 292 12
2245.32 11 38 301 12
2249.20 9 35 318 12
2251.45 15 36 0 12
2253.90 9 35 316 12
2259.43 13 35 0 12
2261.75 9 35 319 12
2265.67 9 35 0 12
2268.03 15 36 319 12
2272.45 13 43 30u1 12
2274.15 13 43 30u0 12
2279.02 10 36 0 12
2280.02 13 37 281 12
2281.12 10 37 0 12
2281.67 11 36 346 12
2282.45 13 37 282 12
2283.55 10 37 248 12
2285.60 14 35 0 12
2287.98 14 35 326 12
2294.05 7 36 0 12
2296.23 7 36 471 12
2306.90 14 40 0 12
2308.58 13 37 293 12
2322.53 14 37 0 12
2339.05 14 39 0 12
2343.38 10 36 235 12
2345.25 13 37 299 12
2347.13 11 37 0 -1
2347.13 11 37 127 12
2347.63 13 37 305 12
2355.23 10 37 0 12
2362.65 11 36 346 12
2363.63 13 37 304 12
2364.67 14 36 0 -1
2364.67 14 36 248 12
2365.60 15 36 0 12
2366.72 13 37 304 12
2368.03 15 36 321 12
2368.85 15 35 290 12
2369.87 13 37 304 12
2370.45 13 36 309 12
2371.68 15 35 0 12
2374.32 13 37 304 12
2374.98 12 36 309 12
2376.15 14 35 0 12
2377.28 13 37 304 12
2377.77 13 35 328 12
2379.67 14 37 239 12
2384.30 12 36 313 12
2385.78 14 37 0 -1
2385.78 14 37 441u3 12
2386.78 12 36 291 12
2388.02 14 35 314 12
2388.58 13 35 0 12
2389.43 13 37 304 12
2390.45 12 36 330 12
2391.73 14 37 0 -1
2391.73 14 37 239 12
2393.25 12 36 331 12
2394.01 12 36 854 12
2394.80 12 36 445 12
2395.78 12 36 444 12
2396.93 12 36 446 12
2398.38 12 36 447 12
2399.95 13 35 441u3 12
2404.85 15 36 325 12
2406.55 15 35 236 12
2407.55 15 36 235 12
2408.56 14 35 0 -1
2408.56 14 35 326 12
2409.35 15 36 317 12
2411.40 11 38 302 12
2413.38 15 36 316 12
2415.51 15 37 0 12
2416.83 15 36 319 12
2424.37 12 37 0 12
2426.60 13 34 72 12
2427.01 13 34 0 -1
2427.01 13 34 334u3 12
2428.76 10 36 0 -1
2428.76 10 36 72 12
2430.25 12 37 235 12
2434.43 14 36 0 12
2436.48 11 36 82 12
2437.96 10 36 82 12
2439.60 14 36 248 12
2443.16 12 43 341 12
2446.55 11 36 346 12
2449.70 8 33 0 12
2451.56 8 34 0 12
2453.43 9 35 516 12
2463.10 13 43 279 12
2468.63 13 37 238 12
2471.53 10 37 288 12
2477.31 11 44 406 12
2484.00 13 34 0 -1
2484.00 13 34 132 12
2485.26 13 34 72 12
2485.58 13 34 0 -1
2485.58 13 34 334u2 12
2487.50 13 37 281 12
2489.53 10 37 0 12
2492.43 10 37 288 12
2493.88 14 36 0 12
2494.96 13 37 282 12
2495.48 14 36 248 12
2496.55 11 37 0 12
2497.25 13 37 293 12
2500.40 9 35 0 12
2502.16 10 36 85 12
2503.50 9 35 517 12
2504.65 9 35 852 12
2509.65 9 36 518 12
2510.83 12 36 291 12
2519.65 11 37 457 12
2522.40 11 37 0 12
2529.65 9 36 0 -1
2529.65 9 36 457 12
2530.56 9 36 464 12
2531.45 9 36 0 -1
2531.45 9 36 518 12
2534.25 14 34 464 12
2535.71 14 34 0 12
2536.86 12 35 0 -1
2536.86 12 35 464 12
2537.77 12 35 465u3 12
2542.73 6 36 0 12
2547.63 10 35 467u3 12
2558.76 13 35 0 12
2559.85 12 35 466u3 12
2560.53 13 35 441u3 12
2561.46 12 35 458 12
2562.63 14 34 455u3 12
2566.73 14 42 0 12
2567.85 14 42 64 12
2575.33 14 46 391u5 12
2580.91 13 37 299 12
2582.23 11 37 127 12
2583.55 10 37 0 12
2584.41 13 37 305 12
2586.53 15 36 0 12
2587.35 15 36 319 12
2590.46 14 36 0 12
2593.52 11 36 346 12
2594.94 13 37 304 12
2596.81 14 37 0 -1
2596.81 14 37 248 12
2597.41 15 36 0 12
2598.34 13 37 304 12
2599.36 14 36 321 12
2600.46 13 36 291 12
2601.33 13 37 304 12
2602.50 13 36 309 12
2603.41 13 35 0 -1
2603.41 13 35 239 12
2604.36 13 36 313 12
2606.08 13 35 0 -1
2606.08 13 35 441u3 12
2607.25 14 35 0 12
2608.50 13 37 304 12
2610.81 12 36 330 12
2611.88 13 35 0 -1
2611.88 13 35 239 12
2613.41 12 36 331 12
2613.94 12 36 854 12
2614.49 12 36 445 12
2615.08 12 36 444 12
2615.79 12 36 446 12
2617.29 12 36 447 12
2617.88 12 36 448 12
2620.09 15 36 441u3 12
2620.58 14 36 325 12
2620.93 14 36 0 -1
2620.93 14 36 236 12
2621.96 14 35 325 12
2622.95 14 35 235 12
2624.39 13 35 0 -1
2624.39 13 35 326 12
2625.03 13 35 0 12
2628.89 13 35 326 12
2633.28 12 37 0 -1
2633.28 12 37 239 12
2634.18 11 38 0 -1
2634.18 11 38 235 12
2636.04 11 38 318 12
2637.59 11 38 0 12
2642.63 15 35 0 -1
2642.63 15 35 318 12
2645.16 14 36 1602u0 12
2646.44 13 36 291 12
2647.43 15 35 316 12
2648.88 14 36 236 12
2649.96 15 35 319 12
2651.06 12 36 291 12
2652.06 12 35 0 -1
2652.06 12 35 459 12
2652.94 12 35 559 12
2653.48 12 35 460 12
2656.49 10 37 458 12
2662.26 14 46 391u4 12
2669.08 6 39 48 12
2671.51 10 43 62 12
2672.58 8 41 45 12
2674.88 10 46 62 12
2708.58 5 95 30u0 12
2717.96 21 91 406 12
2744.61 13 34 0 -1
2744.61 13 34 132 12
2747.29 13 34 72 12
2747.68 13 33 334u2 12
2752.76 14 46 391u3 12
2757.04 16 41 198 12
2776.27 0 80 4085 -1
2776.27 77 40 87 12
2804.34 11 32 48 13
2807.59 12 32 64 13
2808.68 11 31 45 13
2810.76 13 34 0 -1
2810.76 13 34 66 13
2813.56 11 36 82 13
2815.66 14 42 0 13
2817.09 16 41 0 -1
2817.09 16 41 64 13
2820.04 12 43 339 13
2824.01 11 36 346 13
2827.16 13 34 68 13
2828.88 13 34 0 13
2829.88 12 35 461 13
2830.49 12 35 0 13
2833.39 8 37 472 13
2836.81 6 36 461 13
2844.12 8 35 134 13
2846.59 9 37 0 13
2848.91 8 35 0 -1
2848.91 8 35 74 13
2849.44 8 35 474 13
2850.16 8 35 0 13
2851.56 9 37 474 13
2852.66 8 37 472u2 13
2853.82 9 37 0 -1
2853.82 9 37 473 13
2854.77 9 37 475 13
2856.34 9 37 0 -1
2856.34 9 37 474 13
2857.38 7 36 483 13
2859.24 8 37 472u1 13
2859.84 9 37 0 -1
2859.84 9 37 473 13
2860.32 9 37 475 13
2860.81 9 37 0 -1
2860.81 9 37 474 13
2861.96 7 36 484 13
2866.76 7 36 0 13
2867.72 10 37 0 -1
2867.72 10 37 484 13
2869.56 8 36 458 13
2870.89 10 37 0 13
2871.97 12 37 0 -1
2871.97 12 37 484 13
2875.24 11 37 0 13
2878.46 8 36 0 13
2880.36 11 35 0 13
2881.29 12 35 292 13
2889.22 10 36 458 13
2892.01 12 35 0 13
2911.07 17 80 292 13
2913.94 17 80 0 13
2932.87 14 140 167 13
2935.01 17 139 292 13
2936.92 16 139 39 13
2938.02 18 139 39 13
2940.14 16 139 0 13
2942.54 18 139 0 13
2943.31 17 139 0 13
2944.76 19 139 292 13
2945.24 19 138 53 13
2947.22 20 138 30u1 13
2948.97 19 139 0 13
3008.00 -1 120 292 13
3009.61 -1 120 0 13
3010.44 -1 120 292 13
3013.07 -1 120 0 13
3015.02 1 120 292 13
3016.74 1 120 0 13
3058.11 12 35 292 13
3058.75 14 35 0 13
3064.27 15 46 235 13
3065.09 14 46 391u2 13
3066.34 14 46 391u1 13
3067.69 14 46 391u0 13
3069.22 15 46 0 13
3079.67 5 38 58 13
3087.32 6 37 0 13
3088.27 5 37 200 13
3088.84 6 37 191 13
3089.52 5 37 0 13
3095.25 11 35 40 13
3097.82 15 35 0 13
3098.57 15 35 319 13
3099.80 15 35 0 13
3100.80 15 35 319 13
3115.60 13 33 0 -1
3115.60 13 33 235 13
3119.37 11 32 340 13
3120.50 15 32 334u2 13
3121.97 11 32 341 13
3128.30 10 37 344 13
3132.55 16 41 0 13
3137.00 15 32 0 -1
3137.00 15 32 64 13
3137.77 15 32 72 13
3138.04 15 32 0 -1
3138.04 15 32 334u2 13
3140.85 11 36 82 13
3142.17 11 35 0 13
3146.62 7 39 0 13
3154.17 11 32 339 13
3157.55 11 36 346 13
3181.65 13 33 0 13
3188.72 1 29 1261 13
3198.03 14 45 217 13
3206.95 1 29 1261 13
3214.90 14 44 217 13
3222.93 1 29 1261 13
3227.88 13 39 3946 13
3233.72 1 29 1261 13
3241.48 14 43 217 13
3249.07 1 29 1261u3 13
3256.82 13 43 3946 13
3265.32 0 27 1261 13
3272.15 14 38 3946 13
3296.15 0 27 1261 13
3307.43 15 39 3946 13
3312.10 15 44 235 13
3326.97 9 36 0 13
3356.80 14 46 1135 13
3366.58 15 44 0 13
3377.63 1 29 1261u3 13
3387.12 15 46 382 13
3411.55 76 40 0 13
3417.51 94 41 291 13
3455.03 189 42 0 13
3466.56 198 44 45 13
3484.71 191 40 66 13
3498.21 188 79 0 13
3500.43 188 84 674 13
3502.20 188 86 99 13
3505.01 189 92 96 13
3557.61 243 71 0 13
3567.55 232 57 30u4 13
3569.04 232 57 30u3 13
3569.90 232 57 30u2 13
3581.96 254 40 123 13
3583.16 258 41 123 13
3584.86 258 41 122 13
3585.41 256 41 124 13
3586.83 254 40 122 13
3589.16 256 41 292 13
3589.53 256 41 0 13
3640.83 336 80 292 13
3641.66 335 80 0 13
3643.04 336 80 0 13
3689.18 432 84 0 -1
3689.18 432 84 292 13
3695.88 441 94 291 13
3696.89 441 94 0 13
3702.01 441 80 291 13
3710.26 432 84 0 13
3792.61 366 143 292 13
3796.22 366 143 0 13
3823.39 380 88 292 13
3825.97 382 88 39 13
3826.92 381 88 34 13
3827.38 382 88 0 13
3828.74 381 88 0 13
3831.47 379 91 39 13
3832.42 379 91 0 13
3835.14 380 88 0 13
3869.36 300 124 292 13
3873.14 299 124 39 13
3874.66 299 124 0 13
3876.47 298 123 53 13
3877.96 300 124 0 13
3881.16 291 122 292 13
3882.19 292 123 0 13
3883.91 291 122 0 13
4003.05 -106 121 292 13
4007.19 -103 121 806 13
4008.44 -103 121 0 13
4010.15 -106 121 0 13
4098.72 -45 208 292 13
4102.74 -46 208 39 13
4104.15 -46 208 0 13
4105.50 -45 208 0 13
4107.80 -41 208 292 13
4111.84 -43 208 39 13
4113.69 -43 208 0 13
4115.19 -41 208 0 13
4293.85 74 239 292 13
4296.55 73 238 806 13
4297.53 74 238 39 13
4299.23 73 238 0 13
4300.40 74 238 0 13
4303.23 74 239 0 13
4413.18 183 320 292 13
4417.22 182 320 39 13
4418.70 181 321 39 13
4421.00 181 321 0 13
4422.63 182 320 0 13
4429.98 177 320 806 13
4431.75 178 321 806 13
4433.43 178 321 0 13
4436.21 177 320 0 13
4438.53 183 320 0 13
4580.83 329 347 292 13
4581.43 330 346 54 13
4581.93 329 346 57 13
4586.16 329 346 58 13
4586.43 329 346 0 13
4590.93 329 347 0 13
4729.73 -9 160 292 13
4736.84 -9 160 0 13
4824.77 9 36 292 13
4828.42 5 37 58 13
4832.12 8 35 518u0 13
4834.19 8 36 40 13
4837.54 8 33 34 13
4839.42 9 33 40 13
4843.71 13 36 0 13
4844.71 13 36 291 13
4850.99 8 33 0 13
4857.42 13 38 1254 13
4859.77 14 41 0 13
4863.19 13 38 487 13
4865.12 11 35 33 13
4904.12 -37 -48 2142u5 13
4940.53 -73 -62 2157 -1
4940.53 -74 -62 2144 13
4981.34 -107 -49 0 13
4984.54 -105 -50 39 13
4985.77 -105 -50 0 13
5011.95 -145 -21 39 13
5013.45 -145 -21 0 13
5026.25 -125 -52 242 13
5052.34 -108 -75 223 13
5055.85 -109 -75 2142u5 13
5057.69 -107 -75 2144 13
5117.02 -66 -20 39 13
5119.18 -66 -20 0 13
5206.63 127 39 0 13
5208.48 123 40 674 13
5209.95 123 39 0 13
5210.98 122 40 291 13
5212.78 125 38 0 13
5213.73 124 40 291 13
5222.97 122 61 99 13
5226.33 120 71 96 13
5243.03 80 80 3944 13
5248.87 78 80 0 13
5267.95 82 128 0 13
5352.13 15 46 0 13
5357.78 15 46 382 13
5360.65 15 46 0 13
5364.95 16 45 382 13
5369.01 14 45 391u5 13
5370.75 16 45 0 13
5388.55 14 40 382 13
5391.93 12 35 0 13
5403.31 5 10 411u5 13
5411.18 9 33 0 -1
5411.18 9 33 336 13
5412.66 9 33 0 13
5425.61 17 45 1101 13
5427.00 17 44 292 13
5431.06 15 35 0 13
5432.20 14 35 319 13
5433.80 13 37 238 13
5434.90 11 37 288 13
5436.80 10 38 45 13
5438.86 11 36 66 13
5440.23 12 38 48 13
5443.61 15 32 0 -1
5443.61 15 32 64 13
5444.23 15 32 72 13
5445.25 12 32 72 13
5446.00 15 32 0 -1
5446.00 15 32 334u2 13
5449.20 13 37 281 13
5453.38 16 36 49 13
5456.06 12 35 61 13
5465.66 8 36 0 13
5466.98 8 34 40 13
5469.93 8 35 0 13
5471.30 8 35 522 13
5475.95 17 43 0 13
5480.93 9 37 1423 13
5482.35 8 36 135 13
5485.03 9 37 74 13
5491.61 10 37 0 13
5494.20 10 37 344 13
5495.06 9 37 0 13
5498.58 14 37 75 13
5500.66 11 38 74 13
5501.46 12 38 48 13
5503.66 14 37 67 13
5506.91 12 35 78 13
5508.80 12 32 0 -1
5508.80 12 32 62 13
5512.56 12 35 82 13
5513.93 14 37 0 13
5515.05 12 35 82 13
5515.91 13 37 282 13
5516.48 14 36 0 -1
5516.48 14 36 248 13
5517.86 14 37 236 13
5520.09 13 37 293 13
5521.38 14 38 30u4 13
5526.44 15 32 0 13
5532.99 15 35 334u2 13
5538.39 12 33 34 13
5539.58 13 33 290 13
5540.66 13 33 1598u0 13
5541.64 14 33 198 13
5544.19 16 34 200 13
5544.98 19 34 49 13
5551.76 39 37 87 13
5551.76 38 37 61 13
