startTime: 1614444043.40
0.00 8 29 99 22
1.27 9 29 96 22
2.65 7 29 45 22
10.78 14 33 66 22
16.72 20 39 0 22
20.58 20 40 0 -1
20.58 20 40 236 22
40.23 8 37 134 22
41.18 9 38 48 22
42.85 6 36 64 22
43.92 8 37 0 22
50.05 20 39 134 22
57.52 7 40 48 22
59.97 7 36 64 22
67.62 21 39 0 22
89.75 12 35 0 22
91.97 14 36 0 -1
91.97 14 36 484 22
92.93 14 36 0 22
99.38 15 51 484 22
101.33 15 51 0 22
125.16 27 115 484 22
127.55 26 115 39 22
129.43 26 115 0 22
130.71 27 115 0 22
134.80 31 120 484 22
139.90 30 120 39 22
144.16 30 120 0 22
148.62 31 121 39 22
150.20 31 121 0 22
151.91 31 120 0 22
163.38 23 129 484 22
164.06 23 130 54 22
165.21 23 129 0 22
168.90 31 128 484 22
170.15 31 129 53 22
171.65 31 128 0 22
175.40 31 134 484 22
176.18 31 133 55 22
177.03 32 135 57 22
178.85 33 135 55 22
180.21 32 135 58 22
182.31 31 135 57 22
184.36 31 135 58 22
185.10 31 135 0 22
186.31 32 135 59 22
187.16 32 135 0 22
189.03 31 134 0 22
205.90 48 141 484 22
207.30 47 141 0 22
211.05 46 140 0 22
216.43 48 141 0 22
223.36 57 145 484 22
228.08 58 144 806 22
229.81 58 144 0 22
231.20 57 145 0 22
234.76 56 148 484 22
239.21 59 147 48 22
240.96 57 148 64 22
243.03 57 148 67 22
244.26 57 148 69 22
244.53 57 148 107 22
247.96 57 148 160 22
248.21 57 148 0 22
249.23 56 148 0 22
254.21 52 152 484 22
258.46 51 152 806 22
260.61 51 152 0 22
261.80 52 152 0 22
274.28 56 178 484 22
279.11 57 179 123 22
280.39 59 179 123 22
284.85 59 181 123 22
286.21 62 179 123 22
287.60 63 181 123 22
289.60 59 182 123 22
290.85 59 182 122 22
291.35 60 181 124 22
292.53 59 181 122 22
293.05 60 181 292 22
293.33 60 181 0 22
296.96 57 179 122 22
297.31 58 179 124 22
297.90 59 179 122 22
298.33 58 179 292 22
298.63 58 179 0 22
300.93 58 178 292 22
306.46 58 178 0 22
307.25 56 178 0 22
308.63 62 178 484 22
309.44 62 179 122 22
310.23 63 180 124 22
311.14 63 181 122 22
312.33 63 180 292 22
312.61 63 180 0 22
314.64 62 178 0 22
327.84 32 167 484 22
328.66 33 167 30u4 22
329.71 33 167 30u3 22
331.04 32 167 0 22
331.78 32 167 484 22
332.23 33 167 30u2 22
333.08 32 167 0 22
337.91 27 166 484 22
340.74 27 167 292 22
342.34 25 166 141 22
343.71 27 167 0 22
344.99 27 166 0 22
354.73 15 150 484 22
358.96 15 149 291 22
362.24 16 149 292 22
363.44 15 149 0 -1
363.44 15 149 807 22
364.21 15 149 0 -1
364.21 15 149 291 22
364.53 15 149 3179 22
366.51 15 149 3180 22
369.88 16 150 163 22
371.13 15 149 0 22
371.69 16 150 3176 22
372.54 15 149 3180u1 22
373.29 15 150 0 22
387.83 21 150 167 22
390.61 25 153 484 22
391.61 25 153 0 22
397.86 15 150 484 22
399.29 16 150 179 22
401.78 16 150 196 22
403.06 17 150 163 22
404.26 15 149 0 22
406.48 17 150 3176 22
407.41 15 149 3180u0 22
408.63 15 150 0 22
421.08 8 171 484 22
422.56 9 171 292 22
423.08 10 171 141 22
423.99 9 171 0 22
424.76 8 171 0 22
433.61 23 181 484 22
435.33 23 180 292 22
439.41 24 181 141 22
441.17 23 180 0 22
442.41 23 181 0 22
453.39 13 149 167 22
454.78 15 150 484 22
456.84 17 150 179 22
459.12 17 150 196 22
459.79 18 149 163 22
461.14 15 149 0 22
462.33 18 149 3176 22
463.58 17 149 291 22
472.09 17 149 3179 22
476.54 17 149 3180 22
486.71 18 149 179 22
487.94 16 149 0 22
490.29 16 149 292 22
492.24 18 149 196 22
493.28 15 148 163 22
494.17 17 149 0 22
495.39 15 148 3176 22
496.03 16 148 3180u1 22
503.79 19 134 49 22
505.64 18 139 61 22
514.82 30 133 30u2 22
518.04 30 133 30u1 22
529.46 15 148 179 22
532.49 15 148 196 22
533.82 14 148 163 22
535.09 16 148 0 22
536.22 14 148 3176 22
539.41 14 149 3180u0 22
548.49 5 150 30u2 22
557.66 -8 148 39 22
559.81 -8 148 0 22
580.16 14 148 179 22
584.42 14 148 196 22
585.12 13 149 163 22
590.41 14 149 0 22
590.84 13 149 3176 22
596.41 14 149 291 22
614.67 13 149 179 22
617.04 16 149 0 22
619.36 13 149 196 22
621.04 14 149 0 22
622.52 15 150 0 22
629.84 27 164 484 22
635.09 26 163 806 22
638.82 26 163 0 22
643.19 27 164 0 22
652.29 29 179 484 22
658.02 30 180 123 22
660.39 33 179 123 22
662.32 30 180 122 22
662.84 31 179 124 22
664.18 33 179 122 22
664.67 31 179 292 22
664.97 31 179 0 22
668.76 31 179 291 22
669.15 29 179 0 22
677.99 37 193 484 22
678.66 38 193 0 22
679.74 37 193 0 22
707.40 85 177 484 22
711.45 84 177 54 22
713.22 81 179 57 22
714.50 83 180 55 22
715.60 81 179 58 22
716.40 81 179 0 22
718.82 83 175 58 22
719.44 82 174 54 22
720.10 82 175 57 22
720.97 81 174 55 22
722.62 82 175 58 22
722.84 82 175 0 22
723.77 83 175 59 22
724.97 84 174 55 22
725.83 85 175 57 22
727.79 86 174 54 22
728.69 85 175 58 22
731.96 78 172 54 22
735.72 83 175 0 -1
735.72 83 175 57 22
737.52 83 176 59 22
742.95 83 176 0 -1
742.95 83 176 292 22
743.77 83 176 0 22
744.74 85 175 0 -1
744.74 85 175 292 22
745.60 85 175 0 22
746.27 83 175 0 -1
746.27 83 175 292 22
747.74 83 175 0 22
749.80 85 177 0 22
755.75 87 170 484 22
761.72 88 169 292 22
762.64 88 170 54 22
763.79 89 171 57 22
764.65 89 170 55 22
765.69 89 171 58 22
770.37 89 171 59 22
770.95 89 171 0 22
772.62 88 169 0 22
774.65 88 169 292 22
777.07 91 171 30u4 22
778.77 91 171 30u3 22
790.19 87 170 0 22
813.27 85 120 861 22
816.47 90 119 0 22
818.42 86 120 291 22
820.37 85 117 0 22
822.93 86 122 291 22
826.04 91 123 0 22
828.07 86 124 291 22
830.72 93 123 0 22
833.67 86 121 291 22
837.52 94 125 0 22
841.22 86 125 291 22
851.40 86 123 39 22
854.02 86 123 0 22
858.95 93 122 0 22
862.10 86 123 291 22
864.52 85 120 0 22
905.34 91 20 861 22
907.04 91 21 30u4 22
908.25 91 21 30u3 22
910.05 91 20 0 22
993.73 141 3 861 22
994.28 142 3 0 22
995.40 141 3 0 22
1038.37 192 0 861 22
1041.38 191 1 806 22
1042.95 191 1 0 22
1044.50 192 0 0 22
1065.37 231 20 861 22
1066.16 232 20 0 22
1067.31 231 20 0 22
1112.73 108 6 861 22
1113.30 109 6 0 22
1114.61 108 6 0 22
1172.23 22 43 861 22
1173.96 25 43 0 22
1176.65 21 44 292 22
1181.91 22 43 0 22
1182.70 22 43 861 22
1186.71 17 44 292 22
1188.08 18 44 180 22
1189.05 16 44 150u0 22
1190.30 18 44 182 22
1192.36 18 44 181 22
1193.88 19 43 206 22
1196.16 18 44 0 22
1197.43 18 44 180 22
1200.68 18 44 182 22
1202.08 18 44 181 22
1205.10 19 42 183 22
1207.61 18 44 0 22
1209.19 18 44 180 22
1211.41 18 44 182 22
1213.60 18 44 181 22
1215.18 19 42 204 22
1216.26 18 44 0 22
1219.13 18 44 135 22
1219.68 17 44 0 22
1223.91 17 44 292 22
1225.28 18 44 0 -1
1225.28 18 44 180 22
1225.73 18 44 182 22
1227.39 18 44 181 22
1228.63 18 42 183 22
1230.68 18 44 0 22
1231.71 18 44 180 22
1235.31 18 44 182 22
1236.26 18 44 181 22
1237.60 18 42 204 22
1239.39 18 44 0 -1
1239.39 18 44 180 22
1242.10 18 44 182 22
1244.64 18 44 181 22
1245.09 18 44 0 -1
1245.09 18 44 183 22
1245.68 18 44 0 -1
1245.68 18 44 181 22
1247.10 18 42 205 22
1248.48 18 44 0 22
1251.24 16 44 150u1 22
1251.93 17 44 0 22
1256.21 22 43 0 22
1260.83 21 39 861 22
1262.58 23 38 0 22
1264.43 23 38 235 22
1270.93 20 40 0 -1
1270.93 20 40 292 22
1273.39 22 38 254 22
1282.14 23 38 254 22
1287.56 22 38 255 22
1288.09 23 38 255 22
1299.31 25 39 292 22
1301.41 23 38 0 -1
1301.41 23 38 264 22
1302.14 23 38 270 22
1302.51 23 38 0 -1
1302.51 23 38 235 22
1304.54 22 38 0 -1
1304.54 22 38 264 22
1305.28 22 38 270 22
1305.64 22 38 0 -1
1305.64 22 38 235 22
1310.28 25 37 264 22
1314.33 20 40 0 22
1315.13 20 40 292 22
1319.08 22 38 254 22
1324.33 20 39 0 -1
1324.33 20 39 292 22
1334.63 20 38 0 -1
1334.63 20 38 134 22
1338.29 22 36 33 22
1342.29 22 38 255 22
1346.88 23 38 254 22
1375.29 23 38 255 22
1379.26 23 38 0 22
1381.16 25 37 270 22
1381.96 23 38 235 22
1383.18 25 37 0 22
1385.41 25 39 0 22
1393.99 25 39 1602u1 22
1395.69 23 38 0 22
1400.32 23 38 59 22
1404.56 25 38 0 22
1410.96 12 47 66 22
1412.51 11 48 391u0 22
1413.48 11 48 1135 22
1415.69 12 47 0 22
1438.98 40 94 66 22
1442.67 39 93 224 22
1446.39 39 93 244 22
1447.41 40 94 0 -1
1447.41 40 94 225 22
1447.91 40 94 226 22
1448.71 39 94 66 22
1449.34 40 94 297 22
1451.03 41 94 227 22
1454.52 40 94 0 22
1455.44 41 94 0 -1
1455.44 41 94 245 22
1457.29 40 94 227 22
1458.09 41 94 0 22
1467.71 29 92 245 22
1473.91 29 92 0 22
1475.48 33 92 245 22
1476.31 31 92 54 22
1477.76 34 90 57 22
1478.56 35 90 54 22
1479.14 34 90 58 22
1479.34 34 90 0 22
1484.33 33 92 0 22
1494.91 7 94 245 22
1496.24 5 95 30u3 22
1498.74 5 95 30u2 22
1500.82 7 94 0 22
1518.77 16 46 0 -1
1518.77 16 46 245 22
1519.44 16 46 251 22
1520.09 16 46 0 -1
1520.09 16 46 33 22
1523.34 20 44 251 22
1525.56 20 44 0 22
1539.62 25 38 251 22
1546.87 21 39 0 22
1547.87 21 39 861 22
1561.78 10 46 0 22
1563.41 10 47 1138 22
1566.44 11 48 393 22
1580.36 17 39 1099 22
1585.67 25 38 252 22
1592.65 25 38 0 -1
1592.65 25 38 236 22
1593.04 25 38 264 22
1593.51 26 38 252u2 22
1594.97 25 39 1602u0 22
1595.51 25 39 0 -1
1595.51 25 39 236 22
1596.61 26 39 1602u0 22
1597.26 26 39 236 22
1597.87 25 39 1602u0 -1
1598.72 25 39 236 22
1599.59 25 40 236 22
1600.94 26 38 0 22
1602.67 25 39 264 22
1603.12 26 39 264 22
1604.01 25 40 264 22
1604.56 26 40 235 22
1608.46 22 38 0 22
1609.49 25 38 270 22
1610.46 22 38 235 22
1617.99 22 38 254 22
1624.59 26 40 254 22
1666.84 140 27 39 22
1667.25 139 27 34 22
1668.13 139 27 0 -1
1668.13 139 27 87 22
1680.15 24 12 2145 23
1729.17 138 27 2144 23
1731.24 138 27 0 -1
1731.24 138 27 34 23
1732.37 137 27 2144 23
1734.30 138 26 160 23
1736.32 138 27 0 23
1737.85 138 26 0 23
1743.65 140 27 0 23
1746.25 138 25 404 23
1749.65 138 23 395 23
1750.18 137 23 30u4 23
1818.60 22 38 255 23
1821.20 22 38 0 23
1823.93 25 39 270 23
1827.60 22 38 235 23
1829.72 22 38 1603u0 23
1830.87 20 39 0 23
1832.75 25 38 0 -1
1832.75 25 38 292 23
1833.48 25 38 0 23
1834.85 25 39 0 -1
1834.85 25 39 292 23
1835.95 25 39 0 23
1847.52 26 40 0 23
1848.23 25 39 254 23
1851.07 25 39 255 23
1852.88 25 39 0 23
1855.75 26 39 270 23
1856.58 25 39 235 23
1857.18 26 39 0 23
1868.03 20 39 292 23
1873.55 20 39 0 23
1879.27 15 38 1316u0 23
1881.17 15 38 1316u1 23
1885.45 15 47 0 23
1890.67 22 39 1938 23
1897.02 16 47 858 23
1897.70 15 46 0 23
1900.28 10 47 1136 23
1905.15 16 47 930 23
1905.62 16 47 0 23
1916.67 25 39 495 23
1917.33 25 39 0 23
1923.13 14 36 495 23
1929.32 12 48 391u5 23
1930.73 12 48 391u4 23
1932.18 12 48 391u3 23
1950.10 17 36 0 23
1961.65 17 36 67 23
1964.32 20 34 48 23
1977.07 7 37 64 23
1980.53 6 36 67 23
1981.20 7 36 67 23
1982.07 7 37 67 23
1983.85 6 36 0 23
1984.28 7 36 557 23
2001.78 19 34 49 23
2004.00 17 35 0 -1
2004.00 17 35 61 23
2004.68 18 34 152 23
2009.62 19 39 0 23
2013.33 17 36 75 23
2013.87 18 36 74 23
2016.32 20 34 48 23
2019.15 17 36 67 23
2020.60 17 35 78 23
2026.02 13 40 62 23
2029.48 16 43 0 23
2036.16 17 34 0 -1
2036.16 17 34 132 23
2036.68 17 34 72 23
2037.82 17 34 0 -1
2037.82 17 34 71u1 23
2038.24 16 34 1599u1 23
2039.56 17 35 0 23
2041.03 18 37 79 23
2042.15 19 34 49 23
2043.20 17 35 61 23
2046.47 18 36 0 23
2047.55 17 36 75 23
2048.06 18 36 74 23
2050.53 20 34 48 23
2052.96 17 36 67 23
2054.08 17 35 78 23
2057.01 16 33 62 23
2057.81 16 34 1599u0 23
2059.35 17 35 82 23
2059.85 16 35 0 23
2060.95 17 35 346 23
2064.90 12 46 55 23
2066.56 12 47 57 23
2067.75 12 48 391u2 23
2071.80 12 48 391u1 23
2077.66 15 38 1316u0 23
2079.06 15 38 1316u1 23
2079.71 15 37 0 23
2080.88 15 37 302 23
2085.36 16 34 72 23
2088.05 18 40 247 23
2090.95 17 36 0 23
2092.21 17 35 346 23
2094.06 18 40 249 23
2096.11 17 36 248 23
2099.31 19 39 292 23
2104.36 20 39 292 23
2107.21 25 40 0 23
2111.70 18 40 250 23
2113.40 18 40 250 23
2114.63 18 40 250 23
2117.73 18 40 250 23
2119.56 18 40 250 23
2121.56 18 40 250 23
2123.68 20 39 0 23
2128.96 20 39 160 23
2133.60 19 39 0 23
2143.51 19 39 292 23
2147.73 21 39 0 23
2155.71 11 47 861 23
2157.60 12 48 391u0 23
2159.18 11 47 0 23
2169.71 14 39 861 23
2174.88 21 39 34 23
2175.43 20 40 0 23
2181.01 4 35 411u4 23
2181.88 5 35 1101 23
2182.94 6 35 292 23
2184.31 2 34 48 23
2186.91 7 38 64 23
2189.18 6 35 0 23
2189.64 5 35 0 23
2191.56 6 35 1101 23
2192.23 7 34 292 23
2193.88 4 31 48 23
2197.09 7 39 64 23
2199.61 7 34 0 23
2200.31 6 35 0 23
2205.51 11 47 1101 23
2206.58 11 46 292 23
2208.58 12 48 1135 23
2210.16 13 48 391u5 23
2219.19 22 38 235 23
2225.79 11 47 1101u0 23
2229.71 12 47 0 -1
2229.71 12 47 1137 23
2232.39 15 45 58 23
2234.29 12 47 0 23
2234.89 12 47 1138 23
2235.99 11 47 1138 23
2237.16 10 46 1138 23
2238.78 11 45 0 -1
2238.78 11 45 235 23
2241.49 16 44 150 23
2247.53 11 45 0 23
2249.93 13 49 235 23
2250.94 13 48 391u4 23
2252.34 13 49 253u0 23
2252.84 13 48 391u3 23
2253.46 13 49 253u1 23
2253.86 13 48 391u2 23
2254.31 13 49 253u2 23
2254.73 13 48 391u1 23
2255.11 13 49 253u3 23
2255.64 13 48 391u0 23
2257.09 13 48 1135 23
2257.53 13 49 253u4 23
2258.41 13 49 0 23
2288.04 8 83 253u3 23
2288.59 7 84 30u0 23
2289.24 8 83 253u4 23
2290.14 7 84 279 23
2290.73 8 83 253 23
2291.29 8 83 0 23
2312.88 20 40 253 23
2316.16 22 39 292 23
2318.18 20 40 0 -1
2318.18 20 40 264 23
2318.91 20 40 265 23
2319.49 20 40 0 -1
2319.49 20 40 235 23
2321.11 22 39 0 23
2324.93 20 40 0 23
2331.84 11 37 235 23
2335.34 11 46 0 23
2341.36 4 35 411u3 23
2346.36 10 45 1101 23
2347.28 12 44 292 23
2350.58 11 37 0 23
2357.28 22 39 235 23
2363.64 20 40 292 23
2366.21 22 39 1354 23
2368.89 22 38 1354 23
2369.49 22 38 0 23
2371.56 17 35 85 23
2377.91 22 38 235 23
2378.52 21 38 0 23
2380.89 21 39 0 -1
2380.89 21 39 292 23
2381.89 22 39 0 23
2384.81 17 35 85 23
2387.61 22 39 1355 23
2388.71 23 40 0 23
2392.23 17 35 85 23
2395.24 23 40 1355 23
2395.99 21 40 0 23
2402.48 17 35 85 23
2406.48 22 40 0 -1
2406.48 22 40 1355 23
2407.53 21 40 463 23
2411.14 22 38 1354 23
2411.51 22 38 0 23
2414.34 17 35 85 23
2417.94 22 38 1355 23
2422.31 16 34 0 23
2424.46 17 35 82 23
2426.77 14 33 0 23
2427.74 17 34 0 -1
2427.74 17 34 66 23
2428.99 17 34 72 23
2429.71 16 34 71u1 23
2430.12 17 34 0 23
2435.44 13 35 0 -1
2435.44 13 35 72 23
2436.54 13 35 0 -1
2436.54 13 35 441u3 23
2437.77 12 35 72 23
2438.61 13 37 238 23
2439.51 12 35 0 -1
2439.51 12 35 288 23
2440.29 13 37 281 23
2442.34 17 36 0 23
2443.14 17 35 82 23
2444.82 13 37 282 23
2445.81 13 38 0 -1
2445.81 13 38 248 23
2446.56 13 37 293 23
2465.57 11 31 45 23
2470.87 17 34 66 23
2471.67 16 34 0 23
2472.29 17 34 72 23
2472.76 17 34 0 -1
2472.76 17 34 71u1 23
2475.12 18 40 247 23
2480.81 13 38 0 23
2483.79 16 35 248 23
2485.04 16 36 1316u3 23
2485.86 16 36 1316 23
2486.89 16 35 0 23
2488.76 18 40 249 23
2492.97 16 35 248 23
2498.49 6 28 406 23
2503.79 17 34 0 -1
2503.79 17 34 132 23
2505.01 17 34 72 23
2505.64 17 34 0 -1
2505.64 17 34 71u1 23
2507.71 17 35 82 23
2508.87 16 36 1316u3 23
2509.46 17 35 346 23
2514.76 13 37 299 23
2516.44 11 38 127 23
2529.52 12 35 0 23
2531.99 13 37 305 23
2538.15 18 36 0 23
2540.29 17 36 74 23
2541.57 16 35 0 23
2547.36 12 34 0 -1
2547.36 12 34 67 23
2548.26 13 36 0 -1
2548.26 13 36 291 23
2548.77 12 35 191 23
2550.06 12 34 0 23
2552.52 17 35 346 23
2556.56 13 37 304 23
2559.24 14 35 0 -1
2559.24 14 35 248 23
2561.87 14 37 326 23
2562.56 13 37 304 23
2563.85 13 36 330 23
2564.74 13 35 0 -1
2564.74 13 35 239 23
2565.89 13 36 331 23
2566.84 13 36 854 23
2567.42 13 36 445 23
2568.04 13 36 444 23
2568.69 13 36 446 23
2569.34 13 36 447 23
2570.26 13 36 448 23
2571.31 13 36 499 23
2573.57 13 35 0 -1
2573.57 13 35 441u3 23
2575.57 14 37 0 23
2576.56 13 37 304 23
2579.60 11 34 330 23
2580.99 13 35 0 -1
2580.99 13 35 239 23
2582.17 11 34 331 23
2583.15 11 34 854 23
2584.31 11 34 445 23
2585.69 12 34 441u3 23
2592.69 13 36 291 23
2595.06 14 37 501 23
2605.15 14 37 0 23
2610.02 8 37 501 23
2615.30 7 38 67 23
2616.07 7 39 67 23
2618.19 7 39 0 23
2620.20 7 37 557 23
2620.94 7 38 0 23
2621.87 8 37 502 23
2622.39 8 37 0 23
2643.60 9 32 0 -1
2643.60 9 32 502 23
2645.09 10 33 1015 23
2646.45 11 32 338 23
2654.75 21 40 0 -1
2654.75 21 40 345 23
2655.44 21 40 468 23
2657.70 19 38 0 23
2658.67 21 40 469 23
2660.14 19 38 467u3 23
2661.05 21 40 470 23
2663.22 23 38 0 -1
2663.22 23 38 463 23
2664.39 21 40 434 23
2667.99 14 35 0 23
2671.14 21 40 471 23
2684.80 19 46 48 23
2689.74 16 35 64 23
2691.75 16 35 67 23
2697.97 19 44 406 23
2702.67 17 34 0 -1
2702.67 17 34 132 23
2703.32 17 34 72 23
2704.05 16 34 71u1 23
2712.14 17 38 0 23
2717.34 19 44 340 23
2717.79 17 44 334 23
2719.55 21 44 0 23
2722.80 15 45 0 -1
2722.80 15 45 292 23
2723.67 15 45 0 23
2724.88 16 45 292 23
2726.43 19 44 341 23
2727.77 20 44 344 23
2728.67 19 44 339 23
2729.54 20 44 1316u0 23
2730.17 19 44 338 23
2771.68 17 43 345 23
2776.62 17 43 0 23
2830.95 9 37 345 23
2844.25 9 38 48 23
2847.17 10 42 62 23
2848.22 8 41 45 23
2874.57 16 34 0 -1
2874.57 16 34 66 23
2875.13 16 34 72 23
2875.48 16 34 0 -1
2875.48 16 34 71u1 23
2876.35 17 34 1599u0 23
2883.93 9 32 0 23
2885.18 11 32 496 23
2900.17 4 38 496 23
2901.25 6 39 496 23
2914.98 14 35 502 23
2915.70 15 35 0 23
2929.98 9 37 472 23
2931.05 11 37 461u3 23
2931.57 9 37 472u2 23
2933.72 9 37 472u1 23
2940.45 17 38 473 23
2943.63 20 38 0 23
2945.55 17 36 474 23
2951.60 17 36 0 23
2953.63 18 38 475 23
2954.26 17 38 475 23
2956.37 17 36 474 23
2958.91 18 38 0 -1
2958.91 18 38 473 23
2960.82 21 40 483 23
2962.83 17 38 0 23
2965.00 21 40 484 23
2971.20 16 35 0 23
2972.18 16 35 67 23
2973.50 14 35 0 23
2978.21 25 40 502 23
2984.15 17 38 292 23
2990.76 25 40 0 23
3008.71 53 42 503 23
3010.93 54 40 503 23
3013.15 53 45 503 23
3016.05 50 45 503 23
3018.16 48 48 503 23
3019.95 46 49 503 23
3020.95 49 49 503 23
3022.56 52 49 503 23
3027.53 58 45 503 23
3029.71 62 46 503 23
3031.18 64 45 503 23
3035.71 73 46 503 23
3037.51 75 45 503 23
3038.30 74 45 502 23
3042.75 74 45 0 23
3052.68 103 46 503 23
3057.31 108 48 503 23
3060.08 113 50 503 23
3061.80 114 48 503 23
3063.86 114 43 503 23
3068.23 119 39 503 23
3069.55 118 37 503 23
3073.43 125 35 503 23
3081.36 132 47 503 23
3084.01 128 49 503 23
3084.85 126 48 503 23
3085.93 125 49 503 23
3087.56 123 48 503 23
3097.85 98 49 503 23
3107.44 71 51 503 23
3110.98 64 52 503 23
3114.36 60 50 503 23
3121.98 42 54 503 23
3123.71 39 54 503 23
3125.35 36 54 503 23
3128.60 27 56 503 23
3131.16 29 58 503 23
3138.66 16 43 502u2 23
3150.38 19 38 0 23
3152.58 19 40 0 23
3161.58 11 34 291 23
3171.13 21 40 0 23
3180.46 27 57 484 23
3183.41 27 56 508u1 23
3184.79 27 56 546u1 23
3186.11 27 56 506 23
3186.39 27 56 882u1 23
3187.48 27 56 883u1 23
3188.83 27 56 881 23
3189.73 29 58 508u1 23
3191.13 29 58 546u1 23
3194.06 29 58 506 23
3194.48 29 58 882u1 23
3196.03 29 58 883u1 23
3197.83 29 58 881 23
3199.89 27 57 0 23
3200.78 27 56 0 -1
3200.78 27 56 484 23
3201.66 27 56 0 23
3202.66 29 58 0 -1
3202.66 29 58 484 23
3210.26 29 58 0 23
3216.53 35 54 484 23
3219.51 36 54 508u1 23
3220.28 36 54 546u1 23
3221.06 36 54 506 23
3221.41 36 54 882u1 23
3222.18 36 54 883u1 23
3223.09 36 54 881 23
3223.98 35 54 0 23
3224.31 36 54 0 -1
3224.31 36 54 484 23
3225.11 36 54 0 23
3226.88 40 54 484 23
3228.48 39 54 508u1 23
3229.28 39 54 546u1 23
3231.58 39 54 506 23
3231.93 39 54 882u1 23
3233.59 39 54 883u1 23
3235.46 39 54 881 23
3236.48 39 54 0 23
3237.26 40 54 0 23
3248.14 25 40 484 23
3251.89 24 41 885 23
3253.26 24 40 0 -1
3253.26 24 40 107 23
3253.98 25 39 496 23
3255.28 24 42 0 23
3257.09 24 40 486 23
3257.42 24 40 108 23
3258.04 24 40 109 23
3260.76 25 39 0 -1
3260.76 25 39 33 23
3263.54 24 40 886 23
3265.38 24 39 0 -1
3265.38 24 39 107 23
3266.38 25 39 0 -1
3266.38 25 39 496 23
3267.89 24 39 486 23
3268.28 24 39 108 23
3268.89 24 39 109 23
3269.38 25 39 0 -1
3269.38 25 39 33 23
3271.51 24 39 886 23
3272.94 24 38 0 -1
3272.94 24 38 107 23
3275.23 25 39 0 -1
3275.23 25 39 881 23
3276.36 24 38 486 23
3277.44 24 38 108 23
3277.78 24 38 109 23
3279.49 25 39 0 -1
3279.49 25 39 33 23
3280.71 24 38 886 23
3282.94 24 37 0 -1
3282.94 24 37 107 23
3286.34 25 40 0 23
3293.04 16 33 484 23
3295.28 16 34 0 -1
3295.28 16 34 496 23
3295.87 16 34 72 23
3296.16 16 34 0 -1
3296.16 16 34 71u1 23
3296.66 17 34 1599u1 23
3299.24 16 34 0 -1
3299.24 16 34 496 23
3299.71 16 34 72 23
3300.79 16 34 0 -1
3300.79 16 34 71u1 23
3301.21 17 34 1599u2 23
3303.26 16 34 0 -1
3303.26 16 34 496 23
3303.87 16 34 72 23
3305.19 16 34 0 -1
3305.19 16 34 71u1 23
3305.58 17 34 1599u3 23
3310.04 16 36 1316 23
3313.71 16 33 0 23
3318.72 26 38 484 23
3323.84 26 38 0 23
3340.00 43 53 484 23
3343.64 42 54 508u1 23
3346.89 42 54 546u1 23
3347.97 42 54 506 23
3348.27 42 54 882u1 23
3349.42 42 54 883u1 23
3350.72 42 54 881 23
3352.14 43 53 0 23
3353.67 42 54 0 -1
3353.67 42 54 484 23
3354.44 42 54 0 23
3357.19 47 49 484 23
3359.09 46 49 508u1 23
3359.86 46 49 546u1 23
3360.76 46 49 506 23
3361.02 46 49 882u1 23
3361.77 46 49 883u1 23
3363.86 46 49 881 23
3365.09 48 48 508u1 23
3366.97 48 48 546u1 23
3368.12 48 48 506 23
3368.64 48 48 882u1 23
3369.76 48 48 883u1 23
3372.01 48 48 881 23
3372.92 49 49 508u1 23
3376.17 49 49 546u1 23
3378.81 49 49 506 23
3379.26 49 49 882u1 23
3381.72 49 49 883u1 23
3383.69 49 49 881 23
3385.42 47 49 0 23
3386.42 46 49 0 -1
3386.42 46 49 484 23
3387.29 46 49 0 23
3387.94 48 48 0 -1
3387.94 48 48 484 23
3388.77 48 48 0 23
3389.59 49 49 0 -1
3389.59 49 49 484 23
3390.51 49 49 0 23
3399.71 27 47 0 -1
3399.71 27 47 484 23
3400.69 26 47 33 23
3401.66 26 47 0 23
3402.42 25 47 33 23
3403.02 27 47 0 23
3407.26 26 37 484 23
3420.72 25 39 0 23
3423.72 24 37 486 23
3424.09 24 37 108 23
3426.96 24 37 109 23
3427.42 25 37 33 23
3428.69 23 36 0 23
3430.57 24 37 886 23
3431.96 24 36 0 -1
3431.96 24 36 107 23
3434.27 25 37 0 -1
3434.27 25 37 344 23
3435.54 24 36 486 23
3439.16 24 36 108 23
3440.22 24 36 109 23
3441.11 25 36 33 23
3445.79 24 36 886 23
3447.86 24 35 0 -1
3447.86 24 35 107 23
3451.61 25 37 0 23
3452.99 25 36 0 -1
3452.99 25 36 344 23
3454.81 24 35 486 23
3456.27 24 35 108 23
3457.79 24 35 109 23
3458.79 24 35 110 23
3461.79 25 36 0 -1
3461.79 25 36 33 23
3473.19 24 35 885 23
3475.62 26 35 107 23
3480.14 26 35 0 23
3494.69 14 42 107 23
3510.32 25 36 0 23
3513.82 26 36 33 23
3514.39 26 37 0 23
3522.47 13 42 484 23
3548.10 16 46 0 23
3550.55 14 42 486 23
3551.72 15 42 33 23
3554.60 14 42 0 23
3554.60 14 42 f884 23
3555.80 14 41 107 23
3556.27 13 42 0 23
3557.07 12 42 484 23
3558.20 14 41 0 23
3558.94 14 41 107 23
3570.70 12 42 0 23
3574.77 15 35 484 23
3578.09 15 38 1316u2 23
3580.94 15 37 0 23
3581.67 14 37 302 23
3582.54 15 38 1316u1 23
3583.29 15 37 344 23
3584.10 15 38 1316u0 23
3584.95 15 37 1316u0 23
3585.72 15 38 344 23
3586.52 15 37 1316u1 23
3587.37 15 38 0 23
3588.42 15 37 1316u2 23
3598.57 15 37 1316u3 23
3600.47 16 34 0 -1
3600.47 16 34 496 23
3601.72 16 34 72 23
3602.20 16 34 0 -1
3602.20 16 34 71u1 23
3602.68 17 34 1599 23
3605.05 15 35 0 23
3611.89 20 38 484 23
3617.84 21 40 467u2 23
3622.64 22 38 0 23
3626.45 19 40 235 23
3628.02 20 38 0 23
3650.17 4 1 484 23
3651.80 2 -1 48 23
3655.25 3 2 48 23
3656.28 4 1 0 23
3661.93 9 -14 484 23
3664.40 8 -13 48 23
3665.79 8 -16 64 23
3667.93 8 -16 67 23
3670.43 8 -15 64 23
3672.68 8 -15 67 23
3674.38 8 -15 0 23
3675.65 8 -16 557 23
3676.30 8 -16 0 23
3677.73 9 -14 0 23
3703.65 -5 -54 484 23
3704.52 -5 -53 48 23
3706.07 -7 -54 64 23
3707.82 -7 -54 67 23
3711.58 -7 -53 64 23
3716.60 -7 -53 67 23
3718.73 -7 -53 0 23
3719.67 -7 -54 557 23
3720.18 -7 -54 0 23
3721.68 -5 -54 0 23
3732.58 -11 -34 484 23
3733.50 -12 -34 48 23
3734.72 -14 -35 64 23
3735.62 -12 -34 48 23
3736.70 -12 -35 62 23
3737.52 -13 -34 48 23
3737.95 -13 -35 64 23
3739.40 -13 -35 67 23
3740.23 -14 -35 67 23
3741.70 -13 -35 0 23
3742.12 -14 -35 557 23
3742.43 -14 -35 0 23
3744.07 -11 -34 0 23
3746.78 -10 -30 484 23
3748.83 -11 -30 30u4 23
3752.82 -12 -32 48 23
3754.65 -8 -30 64 23
3755.18 -7 -29 48 23
3755.83 -7 -30 64 23
3757.77 -7 -30 67 23
3758.38 -8 -30 67 23
3759.98 -8 -30 0 23
3760.73 -7 -30 557 23
3761.08 -7 -30 0 23
3762.77 -10 -30 0 23
3798.28 8 38 484 23
3800.40 7 38 557 23
3801.70 7 39 557 23
3804.48 10 41 557 23
3807.80 9 41 557 23
3813.82 9 38 48 23
3814.98 11 40 64 23
3816.77 7 40 48 23
3818.62 11 39 64 23
3822.55 11 40 67 23
3823.18 11 39 67 23
3824.72 11 40 0 23
3825.43 11 39 557 23
3825.75 11 39 0 23
3830.47 8 40 557 23
3831.97 8 41 45 23
3833.15 10 42 62 23
3839.77 17 44 0 23
3846.38 11 40 334 23
3855.97 19 38 292 23
3856.70 19 38 0 23
3857.51 19 38 292 23
3878.20 8 38 0 23
3883.81 20 38 484 23
3885.41 20 38 0 23
3890.43 20 38 484 23
3892.52 19 40 0 23
3893.85 17 39 1099u7 23
3897.16 14 38 3946 23
3901.48 22 39 0 -1
3901.48 22 39 235 23
3907.45 17 39 1099u6 23
3911.73 15 39 3946 23
3915.75 18 39 0 -1
3915.75 18 39 235 23
3918.33 22 38 684 23
3930.35 20 38 0 23
3932.16 21 39 0 -1
3932.16 21 39 484 23
3933.48 19 40 292 23
3936.80 20 38 34 23
3937.86 19 40 0 23
3942.21 21 39 0 23
3956.33 -4 19 484 23
3958.21 -1 18 141 23
3959.91 -3 19 1262 23
3961.46 -3 19 0 -1
3961.46 -3 19 292 23
3962.06 -3 19 0 23
3962.83 -4 19 0 23
3964.88 -9 21 484 23
3965.80 -6 21 48 23
3966.38 -7 21 64 23
3969.45 -7 21 67 23
3971.08 -7 21 0 23
3972.08 -9 21 0 23
3975.65 -4 31 484 23
3978.91 -2 32 48 23
3980.93 -3 29 64 23
3981.88 -2 28 48 23
3982.85 -5 29 64 23
3984.58 -3 29 67 23
3985.26 -5 29 67 23
3986.73 -3 29 0 23
3987.40 -5 29 557 23
3987.65 -5 29 0 23
3989.10 -4 31 0 23
4004.43 -4 42 484 23
4007.10 -4 42 0 23
4017.37 13 38 87 23
4017.37 15 38 484 23
16989.41 7 5 0 24
16991.98 7 5 291 24
17003.93 4 31 48 24
17010.96 8 38 64 24
17011.74 9 38 48 24
17012.71 8 38 4062u0 24
17014.39 7 40 48 24
17017.17 10 39 64 24
17020.76 7 40 48 24
17024.38 10 42 62 24
17025.26 8 41 45 24
17027.36 10 40 66 24
17028.31 11 40 0 24
17030.39 7 40 340 24
17036.96 11 40 334 24
17049.92 19 38 0 24
17050.84 19 38 292 24
17055.77 18 39 0 -1
17055.77 18 39 274u1 24
17057.91 18 39 0 -1
17057.91 18 39 235 24
17067.96 18 37 34 24
17073.09 16 35 0 24
17075.17 16 35 67 24
17079.14 11 40 0 24
17081.31 8 41 340 24
17086.02 11 42 334 24
17090.61 11 42 0 24
17092.77 7 41 342 24
17094.41 8 42 334 24
17101.24 8 41 341 24
17103.62 10 42 0 -1
17103.62 10 42 344 24
17104.77 10 42 0 -1
17104.77 10 42 62 24
17105.17 9 42 0 -1
17105.17 9 42 344 24
17105.79 10 42 0 -1
17105.79 10 42 227 24
17106.54 11 42 62 24
17107.66 8 41 339 24
17109.34 9 42 1316u0 24
17110.79 7 41 343 24
17111.64 9 42 1316u1 24
17112.76 7 41 338 24
17113.94 9 42 1316u2 24
17114.96 8 41 338 24
17117.22 11 42 0 -1
17117.22 11 42 345 24
17117.87 12 42 62 24
17120.56 7 40 341 24
17122.02 9 42 1316u3 24
17124.32 7 40 339 24
17125.52 9 42 1316 24
17126.47 7 40 338 24
17128.51 11 42 1317u0 24
17133.09 16 43 0 24
17136.99 8 41 496 24
17138.24 7 41 496 24
17139.14 7 40 496 24
17146.82 15 44 502u0 24
17157.12 14 36 319 24
17165.61 8 38 64 24
17168.65 7 40 0 -1
17168.65 7 40 64 24
17177.46 16 34 0 -1
17177.46 16 34 496 24
17178.22 16 34 72 24
17179.26 15 34 0 -1
17179.26 15 34 71u0 24
17179.97 14 34 0 -1
17179.97 14 34 852 24
17182.47 14 35 135 24
17187.11 8 40 0 24
17188.09 7 40 0 -1
17188.09 7 40 557 24
17189.67 8 40 64 24
17200.57 18 37 0 24
17201.24 18 37 34 24
17208.02 18 37 0 24
17213.64 8 38 67 24
17215.92 10 39 67 24
17217.60 8 40 67 24
17221.80 8 41 0 24
17223.17 8 42 0 -1
17223.17 8 42 496 24
17225.25 12 42 334 24
17227.07 7 41 0 24
17229.20 8 42 4067u0 24
17231.60 8 40 0 24
17233.12 7 41 67 24
17234.79 8 38 0 24
17238.15 7 41 557 24
17241.07 10 39 0 24
17242.81 8 41 67 24
17244.31 10 40 0 24
17248.97 15 34 0 -1
17248.97 15 34 66 24
17249.59 15 34 72 24
17250.34 15 34 0 -1
17250.34 15 34 859 24
17251.39 16 34 1599u0 24
17281.75 20 34 48 24
17286.35 21 39 64 24
17288.37 18 39 0 24
17297.24 11 47 0 24
17298.32 12 48 393 24
17300.27 12 47 0 24
17301.04 13 48 393 24
17302.97 12 47 235 24
17309.14 12 47 0 24
17311.97 10 45 1101u0 24
17313.50 11 47 1138 24
17314.55 10 45 1138 24
17315.97 12 47 1138 24
17324.92 16 46 58 24
17326.60 17 46 58 24
17327.59 16 45 0 24
17335.35 4 35 411u2 24
17339.50 12 45 1101 24
17340.17 11 45 292 24
17347.40 11 45 0 24
17348.90 16 45 292 24
17354.38 12 45 1101u0 24
17355.37 12 46 1138 24
17356.52 12 45 1138 24
17357.80 11 46 1138 24
17360.04 11 45 235 24
17361.02 12 44 0 24
17363.60 15 45 292 24
17368.85 15 45 0 24
17375.55 4 35 411u1 24
17382.05 12 44 1101 24
17383.75 15 45 292 24
17386.37 11 45 0 24
17387.15 12 44 1101u0 24
17387.77 11 45 1138 24
17388.59 12 44 1138 24
17389.79 13 46 1138 24
17392.88 16 43 235 24
17416.59 8 41 0 -1
17416.59 8 41 557 24
17431.03 14 37 0 -1
17431.03 14 37 67 24
17433.43 15 35 302 24
17434.87 15 36 0 24
17438.93 14 34 0 -1
17438.93 14 34 292 24
17439.57 14 33 852 24
17442.53 14 37 0 24
17445.87 14 37 67 24
17447.85 14 37 0 24
17449.22 15 36 67 24
17449.80 15 37 1316u2 24
17450.28 14 37 344 24
17450.85 15 37 1316u1 24
17451.33 14 37 1316u0 24
17451.98 15 37 1316u0 24
17452.42 14 37 1316u1 24
17452.97 15 37 344 24
17453.37 14 37 1316u2 24
17453.90 15 37 0 24
17454.43 14 37 1316u3 24
17455.55 15 36 0 24
17457.43 15 36 67 24
17460.18 15 36 557 24
17460.47 15 36 0 24
17461.23 15 36 557 24
17462.50 15 36 0 24
17463.05 15 37 557 24
17511.93 19 34 49 24
17512.95 17 35 61 24
17515.53 14 35 0 24
17516.63 17 36 1423 24
17517.60 15 36 135 24
17518.62 17 36 74 24
17520.13 14 35 134 24
17525.15 17 36 0 24
17527.10 16 35 75 24
17528.00 17 36 74 24
17530.97 20 34 48 24
17533.53 16 35 67 24
17534.60 17 35 78 24
17536.88 16 33 62 24
17537.60 16 34 72 24
17539.41 17 35 82 24
17542.47 14 37 1316u2 24
17544.60 17 35 346 24
17565.66 13 37 238 24
17569.27 12 35 0 -1
17569.27 12 35 288 24
17570.13 11 35 191 24
17573.25 16 34 0 24
17575.25 13 37 281 24
17578.96 16 35 0 24
17580.25 17 35 346 24
17582.02 13 37 282 24
17582.95 15 36 0 -1
17582.95 15 36 248 24
17583.90 16 35 135 24
17586.63 11 38 0 24
17587.68 13 37 293 24
17593.16 15 34 0 -1
17593.16 15 34 292 24
17594.48 16 34 859 24
17596.50 13 33 1262 24
17599.07 13 33 0 24
17604.78 13 33 1262 24
17610.90 15 34 0 24
17613.10 13 38 0 24
17620.66 26 47 357 24
17623.96 18 45 292 24
17624.85 19 46 48 24
17635.98 10 35 64 24
17640.23 13 37 299 24
17642.56 11 38 127 24
17644.10 10 37 0 24
17645.73 8 36 556 24
17646.66 7 36 556 24
17647.70 7 37 556 24
17648.66 7 38 556 24
17649.58 7 39 556 24
17650.50 7 40 556 24
17651.21 7 41 556 24
17652.38 8 41 556 24
17652.78 9 41 556 24
17653.80 10 41 556 24
17659.58 10 37 462u2 24
17662.50 12 35 0 24
17663.95 13 37 305 24
17664.78 13 36 0 24
17665.81 13 36 291 24
17673.53 15 38 0 24
17678.56 18 39 484 24
17682.50 19 40 236 24
17687.00 21 40 0 24
17689.93 18 39 0 24
17719.38 54 49 484 24
17726.56 52 49 508u1 24
17733.23 52 49 546u1 24
17735.41 52 49 506 24
17735.68 52 49 882u1 24
17738.30 52 49 883u1 24
17740.13 52 49 881 24
17742.03 54 49 0 24
17742.56 52 49 0 -1
17742.56 52 49 484 24
17743.41 52 49 0 24
17746.03 51 44 484 24
17749.18 50 45 508u1 24
17750.58 50 45 546u1 24
17752.03 50 45 506 24
17752.35 50 45 882u1 24
17753.89 50 45 883u0 24
17756.33 50 45 881 24
17757.26 53 45 503 24
17761.21 50 45 0 24
17762.18 51 44 0 24
17778.76 14 42 484 24
17779.98 14 41 0 24
17781.16 13 42 107 24
17781.81 15 42 0 24
17783.78 13 42 486 24
17785.13 15 42 33 24
17786.91 13 42 0 24
17786.91 13 42 f884 24
17787.88 12 42 0 -1
17787.88 12 42 107 24
17788.41 13 42 334 24
17789.49 15 42 0 24
17790.81 12 42 486 24
17792.73 15 42 33 24
17795.73 12 42 0 24
17795.73 12 42 f884 24
17798.09 12 42 107 24
17799.08 11 42 345 24
17801.94 14 39 345 24
17804.48 11 42 0 24
17806.76 14 39 1317u0 24
17810.68 12 42 0 24
17811.41 11 42 107 24
17851.69 10 35 67 24
17855.53 9 38 48 24
17857.33 11 40 62 24
17872.08 18 39 265 24
17873.21 19 40 0 24
17890.99 17 34 1599u3 24
17891.64 17 35 82 24
17892.58 16 36 1316u3 24
17893.16 17 35 346 24
17900.46 14 42 0 24
17902.96 15 45 0 -1
17902.96 15 45 484 24
17904.26 15 45 0 24
17904.74 16 45 0 -1
17904.74 16 45 484 24
17905.56 16 45 0 24
17906.84 18 45 0 -1
17906.84 18 45 484 24
17907.96 18 45 0 24
17921.03 21 40 484 24
17922.01 20 39 0 24
17936.48 17 43 862 24
17937.49 15 44 0 24
17939.81 14 42 502u0 24
17947.34 14 41 236 24
17950.01 11 42 0 24
17950.59 12 41 0 -1
17950.59 12 41 107 24
17951.46 13 41 556 24
17964.48 15 42 0 24
17965.49 12 41 486 24
17966.32 12 41 108 24
17966.94 12 41 109 24
17967.56 12 41 110 24
17969.33 14 42 0 -1
17969.33 14 42 33 24
17970.84 12 41 555 24
17973.29 14 42 0 -1
17973.29 14 42 858 24
17974.46 15 42 33 24
17980.62 14 42 0 24
17982.77 17 43 930 24
17983.57 17 43 0 24
17984.17 16 43 495 24
17984.51 16 43 0 24
17989.99 14 35 0 -1
17989.99 14 35 495 24
17991.33 12 35 134 24
18001.57 14 35 319 24
18008.27 13 41 0 24
18009.66 12 41 551 24
18012.29 11 41 0 -1
18012.29 11 41 107 24
18013.24 11 40 556 24
18034.14 22 40 0 24
18043.47 14 36 0 -1
18043.47 14 36 1355 24
18044.26 14 36 0 -1
18044.26 14 36 319 24
18044.84 15 36 0 -1
18044.84 15 36 1355 24
18046.82 10 35 557 24
18054.92 15 36 0 24
18056.34 15 36 235 24
18057.46 15 37 67 24
18061.99 17 35 346 24
18064.19 13 37 304 24
18066.39 13 35 0 -1
18066.39 13 35 248 24
18067.07 14 35 0 24
18068.41 13 37 304 24
18070.09 14 35 321 24
18070.94 14 36 0 24
18071.96 13 37 304 24
18072.87 14 36 321 24
18074.86 15 34 239 24
18080.47 14 35 325 24
18081.44 15 35 0 -1
18081.44 15 35 236 24
18086.62 16 33 302 24
18087.34 15 35 0 24
18089.17 15 35 236 24
18089.77 14 35 235 24
18090.57 15 34 0 -1
18090.57 15 34 326 24
18091.82 15 34 0 24
18093.52 13 37 304 24
18095.34 13 36 330 24
18097.71 12 34 0 -1
18097.71 12 34 239 24
18099.61 13 36 331 24
18100.65 13 36 854 24
18101.92 13 36 445 24
18103.19 13 36 444 24
18104.54 13 36 446 24
18105.51 13 36 447 24
18106.41 13 36 448 24
18107.42 13 36 499 24
18111.49 15 34 441u3 24
18113.29 14 36 325 24
18114.26 15 35 1602u0 24
18115.61 14 36 235 24
18117.06 14 36 0 -1
18117.06 14 36 326 24
18117.69 15 36 1603u0 24
18118.99 13 36 291 24
18122.69 15 37 502 24
18124.17 15 37 0 24
18132.76 13 41 502 24
18133.96 15 42 0 24
18137.65 11 41 486 24
18138.26 11 41 108 24
18140.49 13 41 0 -1
18140.49 13 41 33 24
18142.46 11 41 553 24
18143.32 11 40 0 -1
18143.32 11 40 502 24
18144.74 11 41 550 24
18145.86 10 41 0 -1
18145.86 10 41 107 24
18146.97 10 40 556 24
18149.81 13 41 0 24
18151.32 10 41 486 24
18153.76 10 41 108 24
18155.12 11 40 0 -1
18155.12 11 40 33 24
18156.49 10 41 553 24
18157.24 10 40 0 -1
18157.24 10 40 502 24
18158.75 10 41 550 24
18159.92 9 41 0 -1
18159.92 9 41 107 24
18162.84 11 40 0 -1
18162.84 11 40 556 24
18164.02 9 41 486 24
18165.47 9 41 108 24
18166.69 10 40 0 -1
18166.69 10 40 33 24
18167.97 9 41 553 24
18169.22 11 40 0 -1
18169.22 11 40 502 24
18170.44 9 41 550 24
18171.84 8 41 0 -1
18171.84 8 41 107 24
18173.84 10 40 0 -1
18173.84 10 40 556 24
18174.99 8 41 486 24
18176.22 8 41 108 24
18177.55 8 40 33 24
18179.32 11 40 0 24
18181.40 8 41 553 24
18182.70 10 40 0 -1
18182.70 10 40 502 24
18184.39 8 41 550 24
18186.47 12 40 0 -1
18186.47 12 40 107 24
18187.87 11 40 556 24
18189.95 8 40 0 24
18191.35 12 40 486 24
18193.02 12 40 108 24
18193.80 12 40 109 24
18194.54 13 40 33 24
18195.89 10 40 0 24
18196.54 12 40 554 24
18197.02 11 39 502 24
18197.62 11 40 0 24
18198.77 12 40 549 24
18199.39 11 40 107 24
18205.62 23 40 0 24
18207.27 23 40 235 24
18213.47 17 34 1599u2 24
18214.30 17 35 82 24
18216.10 14 37 1316u1 24
18219.40 17 35 346 24
18219.97 17 34 1599u1 24
18222.35 18 40 247 24
18226.57 21 39 0 24
18232.09 15 37 64 24
18237.05 15 37 67 24
18242.05 15 37 0 24
18243.77 17 35 346 24
18246.47 18 40 249 24
18249.59 15 37 248 24
18255.85 22 39 0 24
18256.40 21 39 235 24
18257.55 23 40 0 24
18259.47 20 39 235 24
18262.20 18 39 0 24
18263.15 18 40 250 24
18277.05 11 40 0 24
18277.79 12 39 0 -1
18277.79 12 39 107 24
18278.90 11 40 556 24
18280.45 13 40 0 24
18282.14 12 39 486 24
18284.32 12 39 108 24
18284.84 12 39 109 24
18285.75 11 39 0 -1
18285.75 11 39 33 24
18287.32 12 39 554 24
18288.50 11 40 0 -1
18288.50 11 40 502 24
18289.55 12 39 549 24
18290.64 12 38 0 -1
18290.64 12 38 107 24
18291.44 10 38 556 24
18292.09 11 38 0 24
18293.07 13 38 127 24
18295.27 11 39 0 24
18295.97 12 38 486 24
18296.42 12 38 108 24
18297.02 12 38 109 24
18297.55 11 38 33 24
18299.02 11 40 0 24
18300.10 12 38 554 24
18301.19 10 38 0 -1
18301.19 10 38 502 24
18302.15 12 38 549 24
18303.37 12 37 0 -1
18303.37 12 37 107 24
18304.32 11 38 0 -1
18304.32 11 38 556 24
18305.19 12 37 486 24
18305.90 12 37 108 24
18306.27 12 37 109 24
18308.79 10 38 0 -1
18308.79 10 38 33 24
18310.02 12 37 554 24
18311.04 11 38 0 -1
18311.04 11 38 502 24
18311.94 12 37 549 24
18312.97 12 36 0 -1
18312.97 12 36 107 24
18314.67 10 37 0 -1
18314.67 10 37 556 24
18316.45 10 39 462u2 24
18317.09 10 38 0 24
18320.07 12 36 486 24
18320.40 12 36 108 24
18320.85 12 36 109 24
18321.27 12 36 110 24
18323.05 11 38 0 -1
18323.05 11 38 33 24
18325.25 12 36 555 24
18327.42 10 37 0 -1
18327.42 10 37 502 24
18328.63 12 36 551 24
18329.55 11 36 0 -1
18329.55 11 36 107 24
18331.10 10 37 0 -1
18331.10 10 37 556 24
18332.32 10 38 502 24
18333.27 11 38 0 24
18335.18 11 36 486 24
18335.77 11 36 108 24
18337.42 11 38 33 24
18344.37 10 39 0 24
18346.40 11 39 462u2 24
18351.37 10 38 0 24
18353.20 11 36 553 24
18354.23 10 37 0 -1
18354.23 10 37 502 24
18355.07 11 36 550 24
18356.09 10 36 0 -1
18356.09 10 36 107 24
18358.77 10 38 556 24
18359.72 11 38 0 24
18361.62 10 36 486 24
18361.97 10 36 108 24
18363.37 10 37 0 -1
18363.37 10 37 33 24
18365.93 10 36 553 24
18368.62 10 38 0 -1
18368.62 10 38 502 24
18369.82 10 36 550 24
18370.78 9 36 0 -1
18370.78 9 36 107 24
18371.60 8 37 556 24
18372.53 10 37 0 24
18373.32 9 36 486 24
18373.88 9 36 108 24
18374.88 10 37 33 24
18381.08 2 34 48 24
18386.00 9 35 64 24
18389.22 9 35 67 24
18389.73 9 35 69 24
18391.62 9 35 0 24
18393.18 11 36 4143 24
18397.40 10 38 0 24
18398.68 9 36 553 24
18399.62 8 37 0 -1
18399.62 8 37 502u3 24
18400.53 9 36 550 24
18401.55 8 36 0 -1
18401.55 8 36 107 24
18403.95 10 37 0 -1
18403.95 10 37 556 24
18405.12 8 36 486 24
18406.13 8 36 108 24
18407.07 8 37 0 -1
18407.07 8 37 33 24
18407.72 8 36 553 24
18409.18 10 37 0 -1
18409.18 10 37 502u3 24
18410.30 8 36 550 24
18411.25 7 36 0 -1
18411.25 7 36 107 24
18412.07 8 37 0 -1
18412.07 8 37 556 24
18414.38 7 36 486 24
18414.82 7 36 108 24
18415.25 7 36 109 24
18415.75 7 36 110 24
18417.60 10 37 0 -1
18417.60 10 37 33 24
18419.47 7 36 555 24
18420.12 8 37 0 -1
18420.12 8 37 502u3 24
18421.35 7 36 551 24
18422.55 7 37 0 -1
18422.55 7 37 107 24
18424.72 10 37 0 -1
18424.72 10 37 556 24
18425.62 7 37 486 24
18426.45 7 37 108 24
18426.97 7 37 109 24
18429.23 8 37 0 -1
18429.23 8 37 33 24
18430.03 7 37 554 24
18431.12 10 37 0 -1
18431.12 10 37 502u3 24
18434.67 7 37 549 24
18436.92 10 38 107 24
18442.68 10 37 0 24
18443.52 10 37 502u3 24
18445.87 10 38 0 24
18447.23 7 38 0 -1
18447.23 7 38 107 24
18448.00 8 38 556 24
18448.93 8 37 0 24
18449.70 7 38 486 24
18450.02 7 38 108 24
18450.58 7 38 109 24
18451.13 8 37 33 24
18452.33 10 37 0 24
18453.63 7 38 554 24
18454.23 8 38 0 -1
18454.23 8 38 502u3 24
18457.75 7 38 549 24
18458.67 7 39 0 -1
18458.67 7 39 107 24
18459.68 8 38 0 -1
18459.68 8 38 556 24
18462.73 8 37 0 -1
18462.73 8 37 502u3 24
18464.52 7 39 486 24
18466.07 7 39 108 24
18466.37 7 39 109 24
18467.25 8 39 33 24
18469.12 8 37 0 24
18471.22 7 39 554 24
18472.55 8 38 0 -1
18472.55 8 38 502u3 24
18473.77 7 39 549 24
18474.97 7 40 0 -1
18474.97 7 40 107 24
18476.22 8 39 0 -1
18476.22 8 39 556 24
18477.23 7 40 486 24
18477.57 7 40 108 24
18478.23 7 40 109 24
18479.40 8 40 33 24
18480.16 8 39 0 24
18480.87 8 39 556 24
18482.30 8 38 0 24
18483.90 7 40 554 24
18485.00 8 39 0 -1
18485.00 8 39 502u3 24
18486.40 7 40 549 24
18487.97 7 41 0 -1
18487.97 7 41 107 24
18490.77 8 40 0 -1
18490.77 8 40 556 24
18492.77 7 41 486 24
18495.10 7 41 108 24
18495.66 7 41 109 24
18496.15 7 41 110 24
18500.32 8 39 0 -1
18500.32 8 39 33 24
18503.16 7 41 555 24
18506.37 8 40 0 -1
18506.37 8 40 502u3 24
18510.12 7 41 551 24
18515.40 8 35 107 24
18532.22 17 34 1599u0 24
18533.65 17 35 82 24
18535.23 16 36 1316u2 24
18536.11 17 35 346 24
18539.20 11 36 558 24
18540.86 9 38 48 24
18542.88 10 40 62 24
18545.93 8 40 0 24
18549.13 11 36 558 24
18552.21 13 35 0 -1
18552.21 13 35 502u3 24
18555.05 16 35 0 -1
18555.05 16 35 67 24
18560.11 15 35 0 -1
18560.11 15 35 135 24
18561.05 15 35 0 -1
18561.05 15 35 1602u0 24
18565.46 12 33 135 24
18582.68 20 38 0 -1
18582.68 20 38 467u1 24
18593.61 15 35 0 24
18596.33 18 39 1602u0 24
18596.95 18 39 236 24
18599.43 18 39 0 24
18601.20 19 38 0 24
18603.41 17 38 0 24
18609.01 21 40 0 24
18619.15 15 35 484 24
18625.05 15 35 0 24
18679.00 -3 -76 484 24
18679.76 -4 -76 0 24
18681.40 -3 -76 0 24
18684.51 -5 -81 484 24
18686.16 -7 -81 0 24
18689.63 -6 -80 55 24
18691.46 -5 -81 0 24
18704.95 6 -80 484 24
18706.43 5 -79 0 24
18710.00 6 -80 0 24
18714.18 14 -80 484 24
18720.44 15 -79 806 24
18722.43 15 -79 0 24
18726.00 15 -79 807 24
18729.24 15 -79 0 -1
18729.24 15 -79 292 24
18730.01 15 -79 0 24
18731.50 14 -80 0 24
18756.01 -16 -90 484 24
18756.78 -17 -90 0 24
18759.03 -16 -90 0 24
18774.24 -33 -73 484 24
18777.58 -33 -72 292 24
18779.59 -32 -73 39 24
18782.82 -32 -73 0 24
18784.18 -33 -72 0 24
18785.88 -33 -73 0 24
18788.71 -33 -71 484 24
18791.66 -32 -71 292 24
18796.73 -32 -70 39 24
18800.49 -32 -70 0 24
18802.88 -32 -71 0 24
18804.34 -33 -71 0 24
18856.33 15 35 484 24
18857.34 16 36 1316u1 24
18857.91 17 35 346 24
18859.01 15 35 0 24
18933.59 8 35 0 -1
18933.59 8 35 484 24
18938.07 8 35 0 24
18938.91 11 36 558 -1
18946.76 14 42 484 24
18953.47 11 42 107 24
18960.96 12 42 292 24
18968.31 12 42 0 24
18969.66 14 42 0 24
19013.34 15 38 484 24
19017.06 19 36 1254 24
19021.94 22 36 0 24
19025.79 19 36 487 24
19028.59 14 33 487 24
19033.24 15 35 33 24
19035.16 15 36 235 24
19037.72 15 36 1603u0 24
19041.59 15 38 0 24
19071.07 -38 79 484 24
19076.54 -38 80 292 24
19077.17 -39 80 290 24
19078.17 -39 80 0 24
19078.92 -38 80 0 24
19079.96 -38 79 0 24
19092.09 -76 80 484 24
19097.02 -75 81 39 24
19098.07 -76 81 39 24
19099.97 -75 81 0 24
19104.29 -75 80 292 24
19106.05 -76 81 0 24
19107.54 -75 80 0 24
19108.94 -76 80 0 24
19113.17 -82 85 484 24
19117.87 -83 86 806 24
19126.24 -84 86 292 24
19126.64 -83 86 0 24
19129.52 -82 85 0 24
19130.74 -83 85 484 24
19137.00 -88 87 806 24
19139.22 -84 89 806 24
19153.55 -88 87 0 24
19156.89 -85 88 53 24
19157.67 -84 88 57 24
19160.84 -80 90 54 24
19163.42 -84 88 58 24
19167.40 -76 91 55 24
19168.55 -77 90 57 24
19169.07 -77 91 54 24
19169.94 -77 90 58 24
19170.45 -77 90 0 24
19174.24 -84 88 59 24
19176.27 -84 88 0 24
19181.37 -84 86 0 24
19182.97 -83 85 0 24
19188.82 -87 89 484 24
19192.95 -87 91 806 24
19196.59 -87 91 0 24
19197.95 -86 89 807 24
19200.05 -85 89 292 24
19205.09 -86 89 0 24
19207.24 -84 89 0 24
19209.09 -85 89 0 24
19209.89 -87 89 0 24
19222.90 -107 93 484 24
19224.65 -108 94 0 24
19227.07 -107 93 0 24
19256.80 -177 102 484 24
19261.43 -178 103 292 24
19262.59 -178 102 54 24
19264.39 -176 103 57 24
19267.24 -176 103 58 24
19277.67 -177 103 292 24
19280.15 -176 104 292 24
19295.17 -176 103 0 24
19297.47 -178 103 0 24
19298.52 -177 103 0 24
19300.58 -177 102 0 24
19301.73 -176 104 0 -1
19301.74 -176 104 484 24
19304.62 -176 104 0 24
19311.38 -184 100 484 24
19312.62 -185 101 0 24
19315.22 -187 101 53 24
19315.77 -185 101 57 24
19318.47 -184 101 292 24
19325.12 -185 101 0 24
19328.58 -184 101 0 24
19329.82 -184 100 0 24
19334.83 -195 98 484 24
19335.80 -194 98 0 24
19337.27 -195 98 0 24
19339.82 -196 101 484 24
19341.68 -197 101 292 24
19345.45 -199 101 58 24
19346.00 -198 101 55 24
19346.68 -199 101 0 -1
19346.68 -199 101 57 24
19347.78 -199 102 58 24
19349.72 -202 102 54 24
19351.83 -199 101 58 24
19353.08 -199 101 0 24
19355.73 -199 102 59 24
19357.70 -199 102 0 24
19362.02 -195 100 807 24
19365.65 -196 100 57 24
19367.45 -195 101 53 24
19368.95 -196 100 58 24
19372.02 -194 101 292 24
19373.60 -194 101 0 24
19376.85 -196 100 0 24
19379.50 -195 100 0 24
19380.77 -196 100 807 24
19382.72 -196 100 0 -1
19382.72 -196 100 292 24
19383.52 -196 100 0 24
19385.67 -197 100 0 24
19387.65 -197 101 0 24
19388.45 -196 101 0 24
19397.78 -202 84 484 24
19398.57 -201 84 54 24
19401.17 -208 85 57 24
19402.12 -209 85 54 24
19402.78 -208 85 58 24
19403.05 -208 85 0 24
19405.90 -202 85 58 24
19407.22 -201 85 292 24
19409.16 -202 85 59 24
19409.43 -202 85 0 24
19410.20 -201 85 0 24
19411.13 -202 84 0 24
19438.55 -242 114 484 24
19447.43 -242 113 39 24
19449.23 -242 113 0 24
19450.58 -242 114 0 24
19516.81 -51 115 484 24
19524.81 -51 115 0 24
19573.30 14 40 484 24
19576.71 13 40 292 24
19577.45 13 40 0 24
19578.16 13 40 292 24
19580.91 13 40 0 24
19581.76 14 40 0 24
19585.53 14 32 484 24
19587.58 15 32 292 24
19591.05 15 35 0 -1
19591.05 15 35 290 24
19592.93 16 32 33 24
19596.45 15 35 1598u0 24
19597.16 16 36 1316u0 24
19598.48 17 35 346 24
19609.61 14 32 0 24
19615.41 16 43 484 24
19618.41 16 45 292 24
19622.35 16 43 0 24
19624.16 11 36 558 -1
19626.65 11 36 558 -1
19629.86 13 35 0 -1
19629.86 13 35 484 24
19630.94 13 35 0 24
19634.61 18 44 484 24
19636.78 19 44 496 24
19637.99 19 44 0 24
19638.69 18 44 0 24
19643.51 13 35 484 24
19650.23 14 32 496 24
19657.55 13 32 292 24
19670.86 15 36 235 24
19673.19 15 38 235 24
19675.23 14 38 30u4 24
19675.96 15 38 253u0 24
19676.54 14 38 30u3 24
19677.83 15 38 253u1 24
19678.41 14 38 30u2 24
19679.04 15 38 253u2 24
19679.55 14 38 30u1 24
19680.08 15 38 253u3 24
19680.59 14 38 30u0 24
19681.76 15 38 253u4 24
19682.51 14 38 279 24
19683.14 15 38 253 24
19685.16 15 36 0 24
19688.26 17 39 1099u5 24
19691.68 13 39 3946 24
19695.59 17 39 1099u4 24
19701.11 14 38 3946 24
19705.31 18 39 235 24
19716.39 17 33 34 24
19719.43 17 32 160 24
19722.58 16 31 34 24
19724.14 15 31 198 24
19735.94 44 18 2142u2 24
19739.87 43 18 87 24
19739.87 42 18 2143 24
19886.01 15 31 0 25
19890.12 16 36 344 25
19890.77 17 35 346 25
19903.11 20 38 0 25
19911.67 9 35 502u3 25
19913.26 13 35 0 25
19927.54 54 41 484 25
19931.37 54 40 508 25
19932.49 54 40 546 25
19933.42 54 40 506 25
19933.76 54 40 882 25
19935.14 54 40 883 25
19936.24 54 40 881 25
19937.34 53 42 508 25
19939.61 53 42 546 25
19941.96 53 42 506 25
19942.31 53 42 882 25
19944.24 53 42 883 25
19945.59 53 42 881 25
19947.49 54 41 0 25
19948.24 54 40 0 -1
19948.24 54 40 484 25
19950.36 54 40 0 25
19951.39 53 42 0 -1
19951.39 53 42 484 25
19952.99 53 42 0 25
19955.42 54 45 484 25
19957.84 53 45 508 25
19958.87 53 45 546 25
19959.76 53 45 506 25
19960.07 53 45 882 25
19960.84 53 45 883 25
19961.67 53 45 881 25
19962.47 54 45 0 25
19962.99 53 45 0 -1
19962.99 53 45 484 25
19963.69 53 45 0 25
19964.86 57 45 484 25
19968.27 58 45 508 25
19969.79 58 45 546 25
19972.21 58 45 506 25
19972.51 58 45 882 25
19974.04 58 45 883 25
19977.07 59 46 0 -1
19977.07 59 46 863 25
19978.40 60 45 2504 25
19979.09 58 45 881 25
19982.19 58 45 0 25
19983.24 57 45 0 25
20019.95 185 42 484 25
20020.72 184 42 0 25
20022.22 185 42 0 25
20030.62 200 47 484 25
20035.14 200 47 0 25
20037.70 195 49 0 -1
20037.70 195 49 484 25
20039.44 195 49 0 25
20045.82 202 61 484 25
20048.69 203 61 32 25
20050.44 202 61 0 25
20063.54 185 52 484 25
20066.15 184 52 39 25
20067.97 184 52 0 25
20069.17 185 52 0 25
20077.07 179 36 484 25
20078.70 178 37 0 25
20080.17 179 36 0 25
20087.94 162 24 484 25
20088.54 162 24 0 25
20089.35 162 24 484 25
20090.24 161 24 0 25
20091.77 162 24 0 25
20096.04 140 27 58 -1
20153.20 11 36 558 -1
20160.80 12 42 484 25
20173.97 16 36 0 25
20174.95 17 35 346 25
20186.24 15 39 30u4 25
20199.65 18 34 0 25
20205.78 18 36 152 25
20209.37 20 40 0 25
20216.80 14 42 292 25
20222.50 16 32 0 25
20228.23 11 42 486 25
20229.77 13 41 33 25
20232.82 11 42 0 25
20232.82 11 42 f884 25
20233.88 10 42 0 -1
20233.88 10 42 107 25
20234.32 11 42 227 25
20235.80 13 41 0 25
20237.53 10 42 486 25
20240.47 10 42 0 25
20240.47 10 42 f884 25
20242.77 9 42 1316u3 25
20243.67 10 42 344 25
20244.17 9 42 1316u2 25
20244.53 10 42 1316u0 25
20244.98 9 42 1316u1 25
20245.35 10 42 1316u1 25
20245.80 9 42 1316u0 25
20246.13 10 42 1316u2 25
20246.57 9 42 344 25
20246.90 10 42 1316u3 25
20247.30 9 42 0 25
20247.65 10 42 1316 25
20249.38 9 42 107 25
20255.93 9 42 486 25
20261.02 9 42 0 25
20261.02 9 42 f884 25
20263.50 8 42 496 25
20264.00 9 42 496 25
20264.58 8 42 0 25
20265.25 9 42 4067u0 25
20269.12 8 42 107 25
20270.68 8 42 486 25
20280.17 8 42 0 25
20280.17 8 42 f884 25
20283.08 7 42 107 25
20287.82 12 42 0 25
20288.30 14 42 0 -1
20288.30 14 42 484 25
20289.15 14 42 0 25
20295.73 15 32 0 -1
20295.73 15 32 484 25
20296.67 15 32 0 25
20299.40 14 25 484 25
20302.70 14 25 0 25
20305.65 15 32 484 25
20308.67 15 32 0 25
20342.68 24 -61 484 25
20343.37 24 -61 0 25
20344.72 24 -60 484 25
20346.08 23 -61 30u4 25
20349.52 23 -61 30u3 25
20350.57 23 -61 30u2 25
20351.67 24 -60 0 25
20371.27 -8 -80 484 25
20372.61 -9 -81 292 25
20373.58 -8 -81 141 25
20375.03 -10 -81 141 25
20376.15 -9 -82 141 25
20376.91 -9 -81 0 25
20377.98 -8 -80 0 25
20395.70 -6 -96 484 25
20396.76 -5 -96 53 25
20397.71 -6 -96 0 25
20419.80 -12 -118 484 25
20420.83 -13 -117 2142u5 25
20424.70 -13 -118 2144 25
20426.15 -13 -117 2142u4 25
20429.81 -13 -118 0 -1
20429.81 -13 -118 33 25
20435.41 -13 -118 0 -1
20435.41 -13 -118 292 25
20436.40 -13 -117 2142u3 25
20437.52 -13 -117 2142u2 25
20439.56 -13 -117 2142u1 25
20443.85 -12 -117 2144 25
20444.80 -13 -117 2142u0 25
20446.18 -13 -117 2145 25
20449.50 -13 -119 2144 25
20449.93 -13 -118 0 25
20459.71 -13 -118 2143 25
20460.25 -12 -118 0 25
20533.63 16 36 484 25
20535.06 14 37 1316u0 25
20537.40 17 35 346 25
20539.60 16 31 0 25
20541.81 15 33 0 -1
20541.81 15 33 34 25
20542.71 15 32 4223 25
20543.68 14 32 0 25
20549.01 15 36 496 25
20551.35 11 36 558 25
20559.46 16 36 0 25
20587.04 13 35 484 25
20594.39 20 40 455 25
20605.49 14 32 292 25
20612.54 16 32 2144 25
20618.69 18 36 0 25
20631.11 16 36 152 25
20639.26 17 38 57 25
20644.08 13 35 0 25
20644.48 13 35 484 25
20658.28 16 36 0 -1
20658.28 16 36 2143 25
20702.34 75 62 420 25
20707.63 76 62 151 25
20710.34 77 62 2144 25
20711.74 79 62 422 25
20712.96 76 62 0 25
20759.23 35 35 536 25
20767.62 34 35 151 25
20768.58 35 35 537 25
20769.53 34 35 0 25
20776.21 18 34 152 25
20780.31 16 32 2144 25
20783.34 14 37 344 25
20785.46 17 35 346 25
20787.99 16 36 0 25
20790.76 15 40 1316u2 25
20792.91 15 40 1316u3 25
20814.96 15 33 0 25
20820.89 19 36 1254 25
20824.11 21 33 34 25
20835.81 19 36 487 25
20838.57 20 33 661u1 25
20863.26 16 98 49 25
20867.49 9 108 61 25
20881.09 17 127 404 25
20883.39 16 127 404 25
20891.21 17 127 39 25
20892.06 16 127 39 25
20894.01 17 127 0 25
20895.64 16 127 0 25
20925.86 15 38 258 25
20944.59 18 55 49 25
20948.67 15 63 61 25
20952.27 16 67 48 25
20953.70 20 67 64 25
20957.10 19 67 2144 25
20959.67 20 67 67 25
20961.96 20 67 0 25
20971.29 17 45 67 25
20972.79 17 45 92 25
20975.10 17 45 850 25
20975.65 17 45 0 25
20985.77 6 35 850 25
21005.55 15 33 458 25
21006.34 14 34 0 25
21007.45 14 34 292 25
21009.01 16 34 148 25
21009.87 14 34 0 25
21016.97 2 32 292 25
21018.44 3 32 0 25
21020.39 2 32 0 25
21025.84 4 35 411u0 25
21029.94 6 36 1101 25
21031.45 6 37 292 25
21035.22 14 35 0 25
21040.07 6 36 1101u0 25
21040.59 5 36 1138 25
21041.19 6 36 1138 25
21042.22 4 36 1138 25
21043.20 5 37 235 25
21044.49 6 35 0 25
21045.57 6 36 1136 25
21046.20 6 36 213 25
21047.24 5 36 1136 25
21048.64 5 36 213 25
21049.35 4 36 1136 25
21050.35 4 36 213 25
21051.35 6 35 850u1 25
21054.75 6 36 396 25
21059.47 5 36 396 25
21065.60 5 37 0 25
21069.57 1 29 141u3 25
21073.04 6 36 399 25
21073.90 5 35 235 25
21074.87 6 37 0 25
21076.47 4 35 410 25
21078.30 6 37 1101 25
21079.10 5 37 292 25
21091.90 13 36 0 25
21093.84 17 35 1280 25
21096.74 19 39 0 25
21098.95 16 35 0 -1
21098.95 16 35 292 25
21100.22 14 35 67 25
21102.95 15 40 1316u2 25
21104.54 15 40 1316u3 25
21105.79 14 41 0 25
21110.12 11 36 558 -1
21123.00 16 36 236 25
21125.75 17 35 1281 25
21127.63 16 36 0 25
21128.85 17 35 1280 25
21131.34 14 34 1285 25
21135.02 18 39 0 -1
21135.02 18 39 292 25
21136.40 19 39 235 25
21138.18 19 38 236 25
21140.70 19 38 1602u0 25
21142.32 19 38 1602u1 25
21142.70 19 38 0 25
21145.09 16 36 1602u1 25
21147.15 17 35 1281 25
21148.12 16 36 1602u0 25
21148.92 17 35 1280 25
21153.47 16 32 1285 25
21157.22 17 35 1281 25
21159.22 16 36 236 25
21160.20 17 35 1280 25
21167.25 19 38 236 25
21172.10 19 39 0 -1
21172.10 19 39 292 25
21172.97 19 40 235 25
21174.85 19 38 0 25
21180.40 16 36 1602u0 25
21182.47 13 36 292 25
21185.45 17 35 1281 25
21186.47 16 36 236 25
21187.11 17 35 1280 25
21195.53 12 32 1285 25
21197.78 13 33 0 25
21201.55 17 35 1281 25
21203.60 16 36 0 25
21204.72 17 35 1280 25
21207.65 16 36 1285 25
21209.27 15 36 0 25
21211.95 15 36 496 25
21220.52 17 35 1281 25
21227.22 17 35 1280 25
21230.45 19 38 1285 25
21238.52 17 35 1281 25
21242.42 17 35 1280 25
21243.70 18 36 1285 25
21267.25 35 35 538 25
21275.55 11 36 558 25
21278.10 8 37 2711 25
21279.78 11 36 558 25
21282.97 11 36 558 25
21284.27 11 36 1851 25
21288.50 15 38 0 25
21291.45 11 36 558 25
21293.95 11 36 558 25
21295.73 11 36 1851 25
21308.78 10 37 258 25
21309.93 10 37 0 25
21311.22 8 38 610u8 25
21314.03 10 37 235 25
21323.15 9 38 48 25
21324.82 11 38 64 25
21330.15 11 36 558 -1
21337.03 14 34 0 25
21344.62 11 36 558 25
21345.83 10 37 0 25
21350.78 11 36 558 -1
21353.01 11 36 1851 25
21355.41 8 37 0 25
21360.25 11 36 558 25
21369.36 13 42 0 25
21375.95 11 36 558 25
21378.55 11 36 1851 25
21383.73 10 37 334 25
21386.40 8 39 0 25
21388.45 11 36 558 -1
21390.78 11 36 558 25
21393.01 11 36 1851 25
21395.95 14 34 33 25
21410.30 16 36 0 25
21419.91 16 36 1285 25
21422.21 15 34 0 -1
21422.21 15 34 235 25
21424.01 13 33 441u3 25
21424.66 14 35 0 25
21427.51 14 35 67 25
21428.58 13 36 0 25
21437.80 16 36 0 -1
21437.80 16 36 236 25
21440.65 16 35 0 -1
21440.65 16 35 1285 25
21443.58 16 35 0 25
21447.83 16 35 236 25
21448.78 13 35 0 25
21454.96 34 35 484 25
21458.80 35 35 563 25
21460.80 35 35 562 25
21463.73 34 35 0 25
21464.46 34 35 484 25
21466.51 35 35 565 25
21468.00 34 35 0 25
21468.88 34 35 484 25
21470.33 36 35 292 25
21470.85 35 35 565u3 25
21471.91 35 35 565u2 25
21473.26 35 35 565u1 25
21474.53 36 35 0 25
21475.78 36 35 292 25
21476.94 35 35 565u0 25
21479.18 35 35 566 25
21480.89 36 35 0 25
21481.85 34 35 0 25
21491.88 22 40 484 25
21499.73 20 40 0 -1
21499.73 20 40 292 25
21500.66 21 40 455 25
21516.21 21 39 4056 25
21519.26 21 39 0 25
21527.59 21 39 4056 25
21536.56 15 33 0 25
21537.69 15 33 458 25
21539.18 17 33 0 25
21542.88 21 39 4057 25
21543.98 22 39 34 25
21544.69 21 39 0 25
21546.69 21 39 4057 25
21571.31 15 36 0 25
21572.31 15 36 496 25
21574.26 18 36 0 25
21576.03 16 36 1602u0 25
21580.69 11 36 558 25
21582.43 11 36 1851 25
21583.41 10 37 0 25
21584.78 9 38 340 25
21586.53 8 38 334 25
21587.59 9 38 341 25
21588.83 10 38 344 25
21593.04 9 38 339 25
21594.13 10 38 1316u0 25
21594.81 9 38 338 25
21596.66 11 36 558 -1
21598.91 11 36 1851 25
21600.13 12 35 0 -1
21600.13 12 35 345 25
21601.73 13 35 134 25
21603.69 9 35 0 25
21604.56 11 36 558 25
21606.84 11 36 558 25
21608.09 9 38 496 25
21615.24 11 36 558 25
21617.21 11 36 1851 25
21619.83 9 35 502u3 25
21639.11 17 36 0 25
21640.48 17 36 74 25
21642.23 20 34 48 25
21642.84 21 33 0 -1
21642.84 21 33 64 25
21643.28 21 33 67 25
21648.08 16 32 0 -1
21648.08 16 32 34 25
21652.73 16 35 1602u0 25
21654.74 16 35 236 25
21656.56 16 36 1602u1 25
21657.69 16 35 0 25
21658.79 16 36 1602u2 25
21659.53 15 36 0 25
21663.76 9 42 4067u1 25
21704.21 18 31 49 25
21705.46 20 32 61 25
21724.66 19 46 48 25
21741.51 14 41 64 25
21749.74 16 32 0 25
21753.76 14 32 0 25
21773.97 5 34 292 25
21776.09 4 35 787 25
21777.01 3 34 789 25
21779.21 4 35 787u0 25
21779.94 4 34 789 25
21781.39 6 36 401u5 25
21782.62 4 36 396 25
21783.41 6 36 401u4 25
21785.12 5 35 2745u0 25
21785.94 6 36 401u3 25
21786.94 5 35 2745u1 25
21787.57 6 36 401u2 25
21788.36 5 35 2745u2 25
21788.89 6 36 401u1 25
21789.69 5 35 2745u3 25
21790.37 6 36 401u0 25
21791.21 5 35 2745 25
21791.92 6 36 848 25
21796.89 7 35 395 25
21800.40 9 34 0 25
21801.74 9 33 291 25
21803.61 12 32 0 25
21812.24 15 34 0 -1
21812.24 15 34 236 25
21816.47 5 37 0 25
21817.19 5 37 292 25
21818.59 6 37 1101u0 25
21820.26 6 36 1136 25
21821.52 6 35 0 -1
21821.52 6 35 235 25
21822.44 6 36 213 25
21826.04 5 38 850u0 25
21828.86 7 35 0 25
21830.40 6 36 396 25
21835.67 6 35 0 25
21836.99 11 36 558 -1
21840.89 15 38 235 25
21842.37 14 38 30u4 25
21843.31 15 38 253u0 25
21843.79 14 38 30u3 25
21844.97 15 38 253u1 25
21845.94 14 38 30u2 25
21846.56 15 38 253u2 25
21847.12 14 38 30u1 25
21847.69 15 38 253u3 25
21848.46 14 38 30u0 25
21848.95 15 38 253u4 25
21850.54 14 38 279 25
21851.19 15 38 253 25
21851.81 15 38 0 25
21857.04 7 35 253 25
21873.47 20 39 0 25
21883.70 1 29 141u3 25
21888.00 6 36 399 25
21890.02 6 34 235 25
21893.59 6 34 0 25
21895.87 6 37 1138 25
21906.34 25 46 1138 25
21913.00 24 49 235 25
21914.77 23 51 224 25
21916.99 23 51 244 25
21922.12 20 45 225 25
21924.35 24 49 0 25
21935.79 14 41 0 25
21938.64 20 45 226 25
21939.52 18 44 64 25
21942.84 18 45 235 25
21943.45 20 45 297 25
21944.14 18 45 0 -1
21944.14 18 45 227 25
21944.97 20 45 0 25
21945.52 19 45 245 25
21950.07 15 39 30u3 25
21951.35 15 39 30u2 25
21956.37 19 45 0 25
21965.42 20 39 245 25
21969.35 14 34 0 25
21973.49 20 39 251 25
21981.10 19 40 0 25
21983.37 17 39 1099u3 25
21984.64 20 39 252 25
21989.70 19 40 235 25
21993.44 16 36 0 25
21997.20 20 38 1602u2 25
21998.05 20 38 1602u1 25
21999.00 20 39 0 -1
21999.00 20 39 236 25
22000.45 20 39 264 25
22003.24 21 39 0 -1
22003.24 21 39 252u2 25
22003.79 20 39 802 25
22006.04 19 40 1603u0 25
22008.37 20 38 1602u0 25
22009.62 21 39 0 -1
22009.62 21 39 236 25
22010.18 21 39 264 25
22011.37 22 39 0 -1
22011.37 22 39 252u1 25
22021.17 19 40 235 25
22022.02 21 40 0 -1
22022.02 21 40 235 25
22024.70 21 40 4056 25
22026.99 21 40 4057 25
22027.87 21 40 0 -1
22027.87 21 40 34 25
22029.04 21 39 802 25
22030.17 21 40 0 -1
22030.17 21 40 235 25
22034.25 19 40 0 -1
22034.25 19 40 292 25
22037.49 19 40 0 25
22038.75 19 40 292 25
22039.45 19 40 0 25
22040.02 19 40 292 25
22042.07 21 40 4056 25
22046.67 21 40 4057 25
22053.93 15 39 30u1 25
22055.97 15 39 30u0 25
22065.80 20 38 236 25
22066.82 22 39 0 -1
22066.82 22 39 236 25
22069.03 22 39 264 25
22070.55 21 40 0 -1
22070.55 21 40 252u0 25
22071.30 22 39 802 25
22074.05 20 38 0 -1
22074.05 20 38 235 25
22076.00 21 40 0 -1
22076.00 21 40 236 25
22076.77 21 40 264 25
22082.00 20 38 4056 25
22084.02 20 38 4057 25
22086.15 20 38 0 25
22088.27 21 40 802 25
22090.13 20 38 235 25
22098.13 18 39 0 25
22098.67 20 39 0 -1
22098.67 20 39 292 25
22099.35 20 39 0 25
22100.03 21 39 0 -1
22100.03 21 39 292 25
22100.85 21 39 0 25
22101.62 22 39 0 -1
22101.62 22 39 292 25
22103.07 22 39 0 25
22103.77 20 39 292 25
22111.30 11 36 558 -1
22120.92 20 39 0 25
22129.87 20 39 235 25
22132.63 20 39 1603u0 25
22135.23 20 40 0 25
22137.80 18 39 292 25
22140.37 20 40 236 25
22143.15 20 38 0 25
22143.75 20 39 1603u1 25
22144.13 20 39 0 25
22144.67 21 39 1603u1 25
22145.48 21 39 1603u0 25
22145.88 20 39 235 25
22149.35 20 39 4056 25
22152.45 19 38 0 25
22155.52 20 38 236 25
22157.82 20 39 4057 25
22161.22 17 35 86 25
22165.12 16 35 291 25
22171.93 26 36 0 25
22176.27 24 47 33 25
22185.95 11 36 558 25
22187.58 11 36 1851 25
22188.98 10 39 0 25
22192.22 8 40 606 25
22193.20 8 40 0 25
22194.50 11 36 558 -1
22196.60 11 36 1851 25
22198.12 9 35 0 25
22199.07 8 35 502u3 25
22203.43 5 38 0 25
22214.42 25 46 1136 25
22216.66 24 47 0 -1
22216.66 24 47 851 25
22217.75 24 48 33 25
22233.03 21 39 235 25
22237.60 13 40 235 25
22238.78 13 39 30u4 25
22241.21 13 40 253u0 25
22241.75 13 39 30u3 25
22242.23 13 40 253u1 25
22242.68 13 39 30u2 25
22243.10 13 40 253u2 25
22243.55 13 39 30u1 25
22243.96 13 40 253u3 25
22244.36 13 39 30u0 25
22244.78 13 40 253u4 25
22245.23 13 39 279 25
22245.60 13 40 253 25
22245.91 13 40 0 25
22250.63 6 35 253 25
22252.88 6 36 400u3 25
22253.90 6 35 258 25
22254.55 6 36 400u2 25
22255.76 7 35 258 25
22258.26 6 36 400u1 25
22262.25 6 36 400u0 25
22263.98 6 36 848 25
22269.55 7 35 0 25
22272.73 11 36 558 -1
22274.35 11 36 1851 25
22277.21 10 39 258 25
22278.73 11 39 0 25
22281.01 11 36 558 25
22282.50 9 35 462u2 25
22287.80 10 38 344 25
22288.96 11 36 558 25
22291.33 13 36 344 25
22294.80 11 36 558 25
22296.65 11 37 0 25
22299.13 9 34 461u3 25
22308.20 11 36 558 25
22311.86 11 38 0 25
22320.43 11 36 558 -1
22325.78 14 34 64 25
22328.91 14 34 67 25
22330.20 14 34 0 25
22332.75 15 37 557 25
22343.28 11 36 558 25
22343.68 11 36 1851 25
22344.21 11 36 558 -1
22346.21 11 36 1851 25
22352.55 9 37 472u0 25
22356.46 9 37 0 25
22360.10 9 38 0 25
22364.58 11 36 558 25
22366.25 11 36 1851 25
22368.21 8 34 496 25
22371.69 11 36 558 25
22372.10 11 36 1851 25
22374.93 11 36 558 25
22376.41 11 36 1851 25
22386.83 10 37 0 25
22389.08 8 40 606 25
22406.83 10 39 0 25
22407.46 9 39 609u8 25
22409.18 9 37 235 25
22409.88 8 38 0 25
22414.14 11 36 558 25
22415.76 11 36 1851 25
22419.36 7 34 334 25
22432.89 11 36 558 25
22434.31 11 36 1851 25
22435.79 9 37 0 25
22444.19 11 36 558 25
22446.18 11 36 1851 25
22448.53 14 34 235 25
22465.08 -4 16 48 25
22468.01 -4 19 64 25
22470.04 -1 18 143 25
22473.68 -4 19 0 25
22479.36 -7 9 64 25
22483.58 -8 10 39 25
22485.18 -8 10 0 25
22497.06 2 34 48 25
22501.08 5 40 64 25
22503.71 5 37 0 25
22505.36 4 37 292 25
22526.39 4 -16 141 25
22543.11 11 36 558 25
22544.78 11 36 1851 25
22546.63 10 39 1263 25
22548.46 10 38 0 25
22555.28 11 36 558 25
22556.98 11 36 1851 25
22559.34 14 37 1316u0 25
22563.34 15 39 279 25
22572.76 22 39 34 25
22574.42 22 39 0 -1
22574.42 22 39 473 25
22576.09 22 39 3925u0 25
22577.39 22 39 473 25
22578.26 22 39 3925u0 25
22585.21 19 38 198 25
22589.48 15 38 564 25
22616.09 76 52 87 25
45888.24 2 -1 48 26
45890.11 4 1 64 26
45891.51 3 2 48 26
45892.11 4 2 64 26
45900.84 14 42 f898 -1
45915.44 6 35 0 26
45918.21 11 36 558 -1
45919.77 11 36 1851 26
45948.59 11 36 558 -1
45951.97 11 36 558 -1
45964.94 11 36 558 26
45967.31 11 36 1851 26
45972.14 7 35 258 26
45975.59 14 39 345 26
45980.62 14 39 1317u0 26
45988.96 9 60 406 26
45992.74 13 69 132 26
45994.27 13 73 242 26
45997.42 7 78 223 26
46007.24 5 95 30u1 26
46009.86 5 95 30u0 26
46012.22 5 95 279 26
46041.97 16 67 48 26
46043.46 20 68 64 26
46044.64 21 69 48 26
46045.51 20 69 64 26
46047.74 17 66 406 26
46049.01 20 67 132 26
46052.09 13 69 0 26
46056.02 20 66 132 26
46060.19 12 67 48 26
46063.50 20 65 64 26
46066.54 14 65 406 26
46069.00 20 64 132 26
46072.67 13 61 406 26
46079.62 19 69 132 26
46087.65 10 49 406 26
46089.90 11 49 132 26
46091.79 6 49 406 26
46093.22 9 50 132 26
46094.69 5 50 406 26
46097.20 11 50 132 26
46102.19 6 53 48 26
46102.57 5 53 64 26
46103.56 5 55 406 26
46104.05 4 54 132 26
46106.09 4 55 48 26
46106.87 5 54 64 26
46107.59 4 55 48 26
46110.05 3 54 62 26
46110.97 3 55 406 26
46112.20 4 53 132 26
46115.00 7 55 406 26
46116.69 7 54 132 26
46119.44 5 56 406 26
46122.35 7 53 132 26
46144.41 22 15 87 26
46159.89 8 27 99 27
46161.67 10 28 96 27
46166.30 11 31 45 27
46167.37 14 32 66 27
46171.87 19 38 0 27
46184.90 19 34 49 27
46186.77 17 35 61 27
46190.20 14 35 0 27
46191.34 17 36 0 -1
46191.34 17 36 67 27
46192.09 17 36 75 27
46193.27 16 36 74 27
46196.00 20 34 48 27
46197.35 21 34 64 27
46198.99 20 34 48 27
46206.57 18 36 62 27
46208.55 16 36 0 27
46209.30 17 36 75 27
46210.27 16 36 74 27
46211.80 18 36 0 27
46212.89 17 36 67 27
46215.27 17 35 78 27
46217.54 17 33 62 27
46218.65 17 34 72 27
46220.43 17 35 82 27
46223.68 13 36 0 27
46225.87 17 35 346 27
46238.19 17 34 0 27
46242.13 18 40 247 27
46245.50 17 36 0 27
46246.50 17 35 346 27
46249.84 18 40 249 27
46253.43 17 36 248 27
46255.34 18 38 0 27
46256.02 19 38 473 27
46259.22 18 39 0 27
46261.80 18 39 292 27
46263.90 17 39 0 27
46265.34 18 37 1099u3 27
46267.59 21 40 0 27
46268.85 18 40 250 27
46271.92 17 39 292 27
46273.49 18 40 250 27
46275.70 18 40 250 27
46277.63 18 40 250 27
46286.38 22 40 0 27
46294.78 19 33 0 -1
46294.78 19 33 861 27
46297.15 19 32 4223 27
46308.77 18 34 0 27
46327.60 83 32 539 27
46332.50 84 32 151 27
46333.42 83 32 538 27
46334.98 85 33 148 27
46337.85 83 32 563 27
46340.47 83 32 562 27
46342.18 84 32 0 27
46343.60 85 33 0 27
46356.08 40 32 152 27
46358.50 40 32 0 27
46367.98 17 34 152 27
46371.35 19 33 0 27
46372.68 19 33 861 27
46383.72 19 34 49 27
46387.42 21 40 61 27
46390.90 17 39 0 27
46407.85 19 33 0 27
46411.53 18 39 0 -1
46411.53 18 39 861 27
46421.35 22 40 33 27
46423.25 18 39 0 27
46424.10 19 39 0 -1
46424.10 19 39 861 27
46425.22 19 39 0 27
46447.01 85 32 861 27
46450.25 83 32 565 27
46453.07 84 32 292 27
46453.60 83 32 565u3 27
46455.57 83 32 565u2 27
46456.51 83 32 565u1 27
46457.33 84 32 0 27
46459.32 84 32 292 27
46459.97 83 32 565u0 27
46461.25 83 32 566 27
46468.57 84 32 0 27
46469.38 85 32 0 27
46495.45 19 45 861 27
46496.43 19 46 48 27
46499.81 19 44 64 27
46504.20 14 37 344 27
46506.48 14 37 1316u0 27
46518.43 7 35 0 27
46525.13 11 36 558 27
46526.91 11 36 1851 27
46528.91 11 37 609u5 27
46547.25 11 36 558 27
46549.15 11 36 1851 27
46552.08 14 35 235 27
46567.26 7 53 0 27
46577.43 14 35 0 -1
46577.43 14 35 132 27
46578.70 13 36 235 27
46586.46 7 29 45 27
46589.53 12 32 66 27
46609.73 5 53 0 27
46615.36 16 43 64 27
46630.91 16 43 67 27
46631.36 16 43 69 27
46631.91 17 43 34 27
46634.03 16 43 70 27
46634.64 16 43 0 27
46636.94 17 43 0 -1
46636.94 17 43 70 27
46638.43 17 43 71 27
46639.38 17 43 0 27
46645.26 14 35 72 27
46653.25 15 36 71 27
46655.66 14 32 0 27
46658.48 15 36 0 -1
46658.48 15 36 66 27
46659.16 15 36 72 27
46659.68 15 36 0 -1
46659.68 15 36 71 27
46660.86 14 35 1599u0 27
46663.19 12 32 0 27
46666.28 15 36 0 -1
46666.28 15 36 66 27
46666.64 15 36 72 27
46667.26 15 36 0 -1
46667.26 15 36 71 27
46668.46 14 35 1599u1 27
46677.16 9 50 0 27
46684.03 15 36 0 -1
46684.03 15 36 132 27
46684.69 15 36 72 27
46685.09 15 36 0 -1
46685.09 15 36 71 27
46686.00 14 35 1599u2 27
46693.13 9 49 0 27
46698.71 15 36 0 -1
46698.71 15 36 66 27
46699.08 15 36 72 27
46699.69 15 36 0 -1
46699.69 15 36 71u3 27
46700.71 14 35 1599u3 27
46707.28 11 49 0 27
46713.48 15 36 0 -1
46713.48 15 36 132 27
46714.33 15 36 72 27
46714.83 15 36 0 -1
46714.83 15 36 71u3 27
46715.78 14 35 1599 27
46716.68 15 36 0 27
46717.53 15 36 71u3 27
46726.41 19 39 236 27
46730.08 18 39 292 27
46735.43 19 39 0 27
46739.28 18 39 0 27
46751.44 18 44 0 27
46753.96 17 44 64 27
46756.08 14 39 345 27
46758.33 14 40 345 27
46791.84 9 53 406 27
46793.54 12 50 132 27
46796.61 7 54 0 27
46798.96 11 51 132 27
46802.73 3 52 406 27
46803.28 4 52 132 27
46804.51 2 51 406 27
46805.03 4 51 132 27
46808.74 -2 51 406 27
46810.24 0 51 132 27
46811.16 -1 49 406 27
46811.64 0 50 132 27
46812.96 -1 48 406 27
46814.21 0 49 132 27
46816.61 -3 50 406 27
46818.46 1 50 132 27
46825.06 15 40 1316u2 27
46826.17 15 40 1316u3 27
46829.27 14 35 1599u3 27
46830.61 14 35 1599 27
46853.94 17 32 0 27
46854.97 17 33 160 27
46867.79 19 45 0 27
46875.66 18 34 861 27
46878.97 19 39 292 27
46883.87 18 39 292 27
46885.37 19 39 0 27
46886.29 20 40 0 -1
46886.29 20 40 292 27
46888.57 19 39 236 27
46891.26 18 39 0 27
46892.42 21 40 292 27
46895.34 21 39 4056 27
46923.22 14 40 0 27
46923.77 14 39 1317u0 27
46935.76 5 34 0 27
46937.16 6 35 292 27
46938.71 2 34 48 27
46940.29 6 34 64 27
46941.72 4 31 48 27
46942.76 6 33 64 27
46944.36 6 35 0 27
46949.94 5 37 292 27
46952.26 4 38 0 27
46953.06 6 38 496 27
46953.99 5 37 0 27
46958.92 13 32 0 -1
46958.92 13 32 292 27
46960.07 13 32 0 -1
46960.07 13 32 292 27
46961.34 14 32 292 27
46968.46 4 37 0 27
46970.06 6 35 292 27
46971.29 8 34 0 27
46972.76 8 34 496 27
46975.11 6 34 0 27
46983.69 18 39 64 27
46988.14 18 39 67 27
46994.32 22 40 0 27
47006.46 40 20 32 27
47007.81 41 19 34 27
47009.27 42 18 0 27
47011.39 41 19 0 -1
47011.39 41 19 2144 27
47027.89 17 44 67 27
47029.77 17 45 34 27
47032.14 17 44 92 27
47033.19 17 45 0 27
47033.95 17 44 850 27
47034.79 17 44 0 27
47050.34 17 35 850 27
47052.09 17 35 0 27
47059.34 25 46 213 27
47060.65 24 47 850u3 27
47064.80 24 53 242 27
47068.22 25 46 228 27
47084.52 23 44 49 27
47085.84 25 44 61 27
47105.35 18 34 0 27
47115.35 34 21 0 -1
47115.35 34 21 861 27
47116.39 34 21 0 27
47121.02 42 18 861 27
47121.97 44 18 2142u1 27
47124.69 44 19 2144 27
47125.77 44 18 2142u0 27
47130.05 44 18 2145 27
47132.80 42 18 0 27
47148.97 60 6 0 -1
47148.97 60 6 861 27
47149.92 60 6 0 27
47150.65 58 6 0 -1
47150.65 58 6 861 27
47154.29 59 6 2144 27
47154.75 58 6 0 27
47183.95 9 12 861 27
47187.12 9 11 291 27
47189.15 8 11 291 27
47190.88 9 12 0 27
47192.29 8 12 861 27
47194.12 7 12 0 -1
47194.12 7 12 291 27
47195.07 7 13 107 27
47195.75 8 12 0 27
47217.49 52 -2 0 -1
47217.49 52 -2 861 27
47218.52 52 -2 0 27
47219.39 49 -2 0 -1
47219.39 49 -2 861 27
47220.25 49 -2 0 27
47221.14 49 0 0 -1
47221.14 49 0 861 27
47222.68 49 0 0 27
47231.29 33 8 861 27
47235.00 33 9 2142u4 27
47237.87 32 7 2144 27
47238.37 33 8 0 27
47269.05 27 44 861 27
47278.42 26 44 291 27
47280.32 25 44 291 27
47283.88 24 44 291 27
47285.48 27 44 0 27
47303.58 21 43 861 27
47309.87 13 36 0 27
47312.77 18 37 1099u2 27
47320.20 25 46 229 27
47325.50 14 41 235 27
47329.28 21 43 0 27
47339.05 17 39 861 27
47347.82 19 40 0 27
47368.62 6 34 292 27
47369.70 4 35 788 27
47372.82 5 37 789 27
47377.55 8 35 0 27
47379.07 4 35 1106 27
47381.98 8 35 502u3 27
47383.18 6 35 0 27
47385.02 4 35 1106u7 27
47391.41 17 39 0 27
47396.63 7 35 861 27
47397.95 6 34 0 27
47399.66 4 35 1106u6 27
47401.63 7 35 0 27
47405.00 14 32 0 -1
47405.00 14 32 861 27
47406.65 14 31 292 27
47407.35 14 31 0 27
47408.86 14 32 0 27
47412.71 6 35 861 27
47415.13 4 35 1106u5 27
47416.41 6 35 0 27
47427.56 23 47 861 27
47431.33 26 47 2144 27
47432.20 24 47 0 27
47435.38 26 45 850u3 27
47439.31 25 47 0 -1
47439.31 25 47 336 27
47445.93 26 45 0 -1
47445.93 26 45 33 27
47450.41 26 45 0 -1
47450.41 26 45 850u3 27
47458.20 20 45 33 27
47461.60 24 48 0 27
47465.58 21 44 33 27
47470.71 20 44 344 27
47472.31 19 45 344 27
47473.18 20 44 0 27
47473.83 19 45 1316u0 27
47475.31 21 44 0 27
47477.63 20 45 661u0 27
47480.81 25 47 0 27
47481.45 25 47 1101 27
47483.90 25 48 1101 27
47490.41 25 49 1128 27
47492.41 25 49 0 27
47494.40 22 51 1128 27
47498.28 25 49 1101 27
47500.25 23 47 0 27
47503.58 17 44 861 27
47507.96 14 41 0 27
47513.51 25 47 1101u0 27
47514.10 24 47 1138 27
47514.70 25 47 1138 27
47515.35 23 47 1138 27
47516.23 25 48 1101u0 27
47516.65 24 48 1138 27
47517.25 25 48 1138 27
47517.98 23 48 1138 27
47518.88 25 49 1101u0 27
47519.38 24 49 1138 27
47519.85 25 49 1138 27
47520.46 23 49 1138 27
47524.51 21 45 235 27
47537.00 11 36 558 -1
47540.61 11 36 558 27
47542.89 11 36 1851 27
47545.90 7 34 0 27
47557.63 23 44 342 27
47559.14 23 45 334 27
47566.64 23 45 0 27
47567.75 21 46 342 27
47572.83 15 44 334 27
47575.75 21 46 343 27
47576.69 19 45 1316u1 27
47577.58 21 46 338 27
47578.39 19 45 1316u2 27
47580.26 23 44 343 27
47582.13 19 45 1316u3 27
47583.78 23 44 338 27
47584.99 19 45 1316 27
47591.89 8 35 0 27
47599.39 21 46 496 27
47601.73 23 44 496 27
47603.24 23 45 502u3 27
47604.06 23 44 0 27
47607.08 20 44 496 27
47608.56 21 46 0 27
47609.71 21 44 496 27
47622.69 19 39 1602u0 27
47624.05 20 38 0 27
47626.43 19 39 1602u1 27
47628.83 17 38 0 -1
47628.83 17 38 292 27
47630.01 17 39 57 27
47637.39 17 39 0 27
47638.21 17 39 57 27
47640.28 19 39 1602u2 27
47642.76 19 38 0 27
47644.24 22 39 3925u1 27
47645.05 22 39 0 27
47646.14 22 39 3925u1 27
47652.99 17 39 0 27
47663.43 16 46 0 -1
47663.43 16 46 57 27
47664.88 16 47 58 27
47666.49 17 44 0 27
47673.14 6 35 861 27
47675.79 4 35 1106u4 27
47677.33 4 35 1106u3 27
47678.91 4 35 1106u2 27
47681.23 6 35 0 27
47682.60 6 35 846 27
47687.59 14 34 0 27
47692.23 6 37 0 27
47693.31 6 36 1136 27
47695.16 8 35 235 27
47704.88 25 50 1101 27
47716.08 14 34 292 27
47739.19 22 47 1101 27
47743.54 16 45 1605u0 27
47748.61 8 34 0 27
47749.71 8 34 496 27
47760.26 22 48 1101 27
47761.96 22 46 292 27
47764.86 21 45 0 27
47767.73 25 50 1101u0 27
47768.16 24 50 1138 27
47768.73 25 50 1138 27
47769.34 23 50 1138 27
47771.71 22 47 1101u0 27
47772.59 21 47 1138 27
47773.98 22 48 1101u0 27
47774.76 21 48 1138 27
47775.39 22 48 1138 27
47776.14 22 49 1138 27
47776.92 22 47 1138 27
47778.12 21 49 1136 27
47781.73 21 46 235 27
47783.34 22 46 0 27
47783.99 22 45 292 27
47789.82 22 45 0 27
47799.19 4 35 1106u1 27
47809.61 25 45 1101 27
47820.02 4 35 1106u0 27
47828.27 24 45 1101 27
47829.31 23 45 0 -1
47829.31 23 45 292 27
47832.49 17 45 502u3 27
47844.32 14 41 803u1 27
47846.27 14 41 0 27
47851.32 12 34 0 27
47853.19 12 34 239 27
47859.89 14 35 1599u3 27
47863.49 14 35 1599 27
47867.66 19 43 205 27
47871.72 19 43 206 27
47874.90 23 45 0 27
47877.37 11 36 558 -1
47882.42 11 36 558 27
47884.24 11 36 1851 27
47888.19 4 35 408 27
47900.62 23 45 1101 27
47902.06 23 43 292 27
47904.54 21 46 0 27
47905.51 23 45 1101u0 27
47907.02 24 46 1138 27
47908.62 23 45 1138 27
47909.07 23 46 1138 27
47910.09 24 45 1101u0 27
47910.46 22 45 1138 27
47911.94 24 45 1138 27
47913.34 21 45 1138 27
47914.77 25 45 1101u0 27
47916.01 22 46 1138 27
47916.99 25 45 1138 27
47918.32 21 46 1138 27
47925.49 22 43 235 27
47928.49 22 44 716 27
47930.81 22 44 0 27
47934.09 20 46 716 27
47943.99 23 43 0 27
47946.54 11 36 558 -1
47957.36 6 34 292 27
47970.01 17 45 0 27
47979.00 4 35 126 27
47980.29 4 35 0 -1
47980.29 4 35 502u3 27
47990.04 13 36 126 27
48021.95 19 44 0 27
48023.05 18 46 64 27
48042.89 20 45 33 27
48045.40 20 45 661u0 27
48056.87 19 34 49 27
48057.85 17 35 61 27
48060.04 16 36 0 27
48060.80 17 36 75 27
48061.40 16 36 74 27
48065.17 20 34 48 27
48067.87 17 36 67 27
48069.05 17 35 78 27
48070.07 18 35 62 27
48071.32 14 35 1599u3 27
48074.17 17 35 82 27
48076.57 14 37 344 27
48078.54 17 35 346 27
48080.30 13 37 238 27
48088.15 14 37 0 -1
48088.15 14 37 288 27
48090.35 15 34 0 -1
48090.35 15 34 344 27
48096.00 14 32 236 27
48097.76 12 34 0 27
48098.80 12 34 239 27
48100.20 10 35 0 27
48101.15 10 35 557 27
48102.55 8 35 0 27
48106.09 16 33 0 -1
48106.09 16 33 235 27
48106.84 16 33 318 27
48107.18 16 33 0 27
48109.88 13 35 0 -1
48109.88 13 35 318 27
48112.00 16 33 134 27
48130.22 14 35 1599u2 27
48131.74 13 37 281 27
48145.25 16 35 0 27
48146.52 13 36 0 -1
48146.52 13 36 291 27
48148.24 16 35 126 27
48158.67 18 31 49 27
48160.68 20 32 61 27
48162.03 20 33 661u0 27
48164.43 16 35 233 27
48167.85 20 33 661u1 27
48172.58 17 36 0 27
48174.03 17 35 346 27
48175.88 13 37 282 27
48177.23 17 36 248 27
48181.50 12 34 0 27
48182.95 16 35 0 27
48184.68 13 37 282 27
48187.02 12 34 235 27
48188.92 16 35 239 27
48191.88 13 38 0 27
48192.87 13 37 293 27
48197.08 14 34 0 27
48198.15 14 34 292 27
48202.40 8 34 0 27
48210.03 15 36 0 -1
48210.03 15 36 496 27
48210.58 15 36 72 27
48210.93 15 36 0 -1
48210.93 15 36 71u3 27
48211.65 14 35 1599u3 27
48231.38 15 37 0 27
48243.87 26 45 0 -1
48243.87 26 45 557 27
48247.58 24 43 850u3 27
48255.60 13 37 299 27
48257.99 15 37 127 27
48258.45 14 37 0 27
48258.90 13 37 305 27
48282.83 19 39 1602u1 27
48288.63 14 37 236 27
48292.73 15 35 290 27
48294.45 15 35 1598u0 27
48297.05 13 33 0 27
48299.27 15 35 290 27
48301.66 15 35 1598u0 27
48315.53 17 36 0 27
48319.82 17 35 82 27
48324.32 13 37 304 27
48326.75 16 35 0 -1
48326.75 16 35 248 27
48327.46 15 35 290 27
48328.70 13 37 304 27
48330.07 13 36 309 27
48333.73 15 36 0 -1
48333.73 15 36 239 27
48336.31 13 36 313 27
48338.48 15 36 0 -1
48338.48 15 36 441u3 27
48339.32 13 36 291 27
48342.91 17 36 314 27
48344.58 14 36 0 27
48345.76 13 37 304 27
48346.98 13 36 330 27
48347.68 15 36 0 -1
48347.68 15 36 239 27
48348.47 13 36 331 27
48349.27 15 36 0 -1
48349.27 15 36 441u3 27
48351.21 15 35 0 27
48352.66 13 37 304 27
48353.18 14 36 307 27
48354.21 15 36 0 -1
48354.21 15 36 239 27
48354.85 13 36 854 27
48355.78 13 36 445 27
48356.28 13 36 444 27
48356.90 13 36 446 27
48357.73 13 36 447 27
48358.36 13 36 448 27
48359.66 15 36 0 -1
48359.66 15 36 441u3 27
48360.18 14 36 0 27
48361.76 14 36 307 27
48362.83 13 36 291 27
48364.95 15 35 4190 27
48366.30 14 36 0 27
48366.88 13 36 309 27
48367.76 15 36 0 -1
48367.76 15 36 239 27
48368.36 13 36 313 27
48369.08 14 36 441u3 27
48369.75 13 36 291 27
48377.28 13 35 316 27
48380.85 14 37 0 27
48382.58 13 35 319 27
48384.98 15 33 0 27
48387.50 15 35 559 27
48388.48 14 36 0 -1
48388.48 14 36 458 27
48389.68 14 37 441u3 27
48393.02 14 35 1599u2 27
48394.03 17 35 82 27
48396.41 13 37 238 27
48400.65 13 33 288 27
48403.30 15 34 0 27
48404.48 17 35 346 27
48406.13 14 35 1599u1 27
48407.53 13 37 281 27
48413.58 16 35 0 27
48417.06 17 35 346 27
48419.28 13 37 282 27
48420.91 16 35 248 27
48422.13 15 37 0 27
48424.83 13 37 293 27
48432.10 14 36 0 27
48443.08 4 35 0 27
48447.45 15 34 502u3 27
48459.33 14 39 345 27
48464.73 15 37 345 27
48470.61 23 38 0 27
48475.50 15 37 468 27
48480.44 22 37 0 27
48487.18 17 47 59 27
48518.06 9 35 0 27
48520.31 12 35 467 27
48521.41 12 35 0 -1
48521.41 12 35 462u2 27
48523.68 15 37 469 27
48528.17 15 37 470 27
48531.18 15 33 463 27
48547.13 17 47 0 27
48553.69 15 37 434 27
48558.98 13 33 0 27
48567.23 15 36 0 27
48574.96 19 39 1602u2 27
48575.93 17 38 0 27
48583.13 14 36 292 27
48585.41 13 37 299 27
48586.56 14 36 0 27
48593.29 13 37 305 27
48597.98 16 35 0 27
48600.29 17 35 346 27
48602.94 13 37 304 27
48603.83 15 36 248 27
48607.06 13 35 0 27
48607.98 13 37 304 27
48608.73 14 36 321 27
48609.29 13 35 239 27
48619.18 14 36 325 27
48621.01 16 35 236 27
48622.63 14 36 235 27
48623.01 14 36 0 -1
48623.01 14 36 326 27
48623.61 14 36 0 -1
48623.61 14 36 235 27
48624.51 13 35 0 -1
48624.51 13 35 326 27
48625.39 13 35 0 27
48626.56 13 37 304 27
48627.64 13 36 330 27
48628.64 14 37 0 -1
48628.64 14 37 239 27
48630.24 13 36 331 27
48630.95 13 36 854 27
48631.58 13 36 445 27
48632.14 13 36 444 27
48632.69 13 36 446 27
48633.48 13 36 447 27
48634.18 13 36 448 27
48635.61 13 35 441u3 27
48651.34 13 36 291 27
48654.14 13 33 459 27
48657.81 13 33 559 27
48661.29 13 33 0 27
48663.58 15 35 567 27
48666.66 13 35 0 27
48667.48 15 35 568 27
48668.66 13 35 441u3 27
48670.49 15 35 0 27
48676.36 11 36 558 27
48678.48 11 36 1851 27
48680.92 9 39 577 27
48683.33 11 39 577 27
48690.66 11 36 558 27
48692.88 11 36 1851 27
48695.92 15 35 568 27
48705.62 13 35 0 27
48707.02 13 35 441u3 27
48710.10 14 37 0 27
48726.76 14 36 0 27
48731.36 16 35 0 27
48740.19 14 36 236 27
48742.36 14 36 1602u0 27
48742.64 14 36 0 27
48755.72 16 33 0 27
48758.84 16 36 474 27
48759.42 16 36 0 27
48762.68 22 40 474 27
48763.84 22 39 3925u0 27
48764.91 23 40 473 27
48765.56 22 40 0 27
48766.14 23 40 475 27
48766.67 22 40 474 27
48768.02 23 40 0 27
48772.36 16 35 475 27
48779.74 22 40 0 -1
48779.74 22 40 560 27
48780.67 22 40 0 -1
48780.67 22 40 474 27
48796.21 16 44 150u1 27
48803.12 22 40 1423 27
48811.09 16 44 150 27
48818.27 22 40 74 27
48819.76 23 40 134 27
48831.52 9 35 560 27
48833.21 8 35 34 27
48836.61 8 33 87 27
48836.61 8 32 198 27
68362.98 3 2 48 28
68363.95 5 1 64 28
68366.30 2 -1 48 28
68368.08 4 1 4062u0 28
68377.38 8 42 f898 -1
68377.38 9 42 f898 -1
68377.38 10 42 f898 -1
68377.38 11 42 f898 -1
68377.38 12 42 f898 -1
68377.38 13 42 f898 -1
68381.10 8 32 0 28
68386.36 6 34 0 28
68387.15 8 33 0 28
68395.40 29 30 357 28
68395.65 30 30 292 28
68397.93 30 30 0 28
68409.33 20 38 292 28
68415.30 15 36 0 28
68417.86 15 36 67 28
68423.23 11 42 0 28
68424.86 11 42 227 28
68427.81 15 44 0 28
68436.80 15 44 334 28
68456.13 20 34 48 28
68456.95 22 34 64 28
68479.66 11 31 45 28
68481.81 7 34 66 28
68486.14 8 35 0 28
68488.39 9 35 0 28
68492.98 13 37 238 28
68506.26 14 37 288 28
68543.63 33 118 39 28
68544.08 32 118 34 28
68544.66 33 118 0 28
68546.06 32 118 0 28
68548.31 34 123 39 28
68551.61 35 123 34 28
68553.53 34 123 0 28
68556.78 31 126 0 28
68561.49 35 123 0 28
68605.98 -4 96 0 28
68630.39 23 44 291 28
68638.41 15 44 0 28
68642.07 8 45 340 28
68645.83 15 45 334 28
68647.99 8 45 341 28
68654.86 14 36 344 28
68685.64 19 -56 30u3 28
68697.34 23 -61 30u1 28
68707.91 27 -75 39 28
68709.56 27 -75 0 28
68729.67 24 -120 2142u5 28
68734.01 12 -126 2157 -1
68734.01 13 -126 2143 28
68772.76 15 -131 2142u5 28
68773.97 17 -131 2144 28
68774.64 15 -131 2142u4 28
68775.77 16 -131 2144 28
68780.37 16 -141 39 28
68782.29 16 -141 0 28
68853.02 15 -188 49 28
68854.87 13 -185 61 28
68858.21 12 -186 39 28
68859.74 12 -186 0 28
68879.97 22 -157 49 28
68882.12 20 -154 61 28
68946.17 10 29 99 28
68947.84 9 32 96 28
68957.68 12 35 0 28
68959.32 10 35 556 28
68960.70 12 35 462u2 28
68981.40 8 46 406 28
68984.05 15 45 0 -1
68984.05 15 45 132 28
68987.60 8 46 340 28
68990.62 15 46 334 28
68997.70 15 45 0 28
69005.49 17 35 132 28
69024.77 -10 50 39 28
69026.35 -10 50 0 28
69054.88 -8 -23 806 28
69056.95 -8 -23 0 28
69069.63 -5 -27 48 28
69071.67 -8 -31 64 28
69101.13 -13 -60 39 28
69104.18 -13 -60 0 28
69114.52 -28 -59 39 28
69116.12 -28 -59 0 28
69137.23 -39 -53 2142u5 28
69140.60 -36 -53 2144 28
69144.95 -39 -53 2142u4 28
69147.80 -39 -53 2142u3 28
69188.86 13 33 2143 28
69192.60 13 33 0 28
69211.71 17 44 2144 28
69212.25 16 44 150u1 28
69213.76 17 45 135 28
69214.61 16 44 150u0 28
69217.63 17 45 150u0 28
69218.80 16 44 135 28
69220.20 17 45 150u1 28
69221.53 16 44 0 28
69222.78 17 45 150 28
69238.41 24 53 224 28
69243.60 24 53 244 28
69259.71 8 33 225 28
69261.15 7 29 45 28
69263.28 8 33 226 28
69264.78 8 35 66 28
69265.53 8 33 297 28
69266.66 7 35 227 28
69270.50 12 34 0 28
69272.31 8 33 0 28
69275.95 19 33 245 28
69276.93 20 33 661u0 28
69277.70 19 33 251 28
69278.33 20 33 661u1 28
69279.25 19 33 0 28
69283.30 17 39 251 28
69307.75 22 43 0 28
69313.78 18 37 1099u1 28
69315.55 17 39 252 28
69317.86 18 38 235 28
69318.75 19 39 1602u1 28
69319.56 19 40 236 28
69320.26 19 39 1602u0 28
69320.69 19 38 236 28
69322.43 19 39 236 28
69324.28 18 39 0 -1
69324.28 18 39 236 28
69325.39 17 38 67 28
69326.65 17 39 0 28
69327.24 18 39 264 28
69328.09 19 39 264 28
69329.18 19 40 264 28
69330.31 19 38 264 28
69331.46 17 39 235 28
69332.41 20 39 0 28
69332.96 19 39 802 28
69333.36 20 39 235 28
69336.78 21 39 4057 28
69340.94 20 39 4056 28
69349.31 17 39 4056 28
69351.56 17 39 4057 28
69352.86 20 39 4057 28
69354.99 20 39 0 28
69355.66 19 38 802 28
69356.16 20 39 235 28
69357.18 21 39 0 28
69358.58 18 39 802 28
69359.73 21 39 235 28
69361.19 17 39 0 28
69362.78 19 40 802 28
69364.16 17 39 235 28
69385.38 16 33 2144 28
69404.23 18 46 67 28
69404.61 18 46 69 28
69406.81 19 46 48 28
69408.13 17 47 64 28
69409.18 18 46 0 28
69411.68 11 36 558 -1
69421.69 16 35 579 28
69422.53 16 35 0 28
69425.08 16 35 579 28
69431.58 16 35 0 -1
69431.58 16 35 71u3 28
69433.98 16 35 0 28
69434.68 16 36 71u3 28
69437.14 19 34 49 28
69438.09 16 35 61 28
69446.44 17 38 0 28
69447.93 17 38 67 28
69449.86 22 40 0 28
69454.33 15 36 75 28
69456.23 18 36 74 28
69457.69 19 34 49 28
69460.67 18 34 61 28
69462.51 20 34 48 28
69466.33 18 36 0 -1
69466.33 18 36 62 28
69467.78 15 36 75 28
69469.13 18 36 0 -1
69469.13 18 36 74 28
69470.09 15 36 67 28
69471.21 16 35 78 28
69474.88 16 33 0 -1
69474.88 16 33 62 28
69476.01 16 32 2144 28
69479.69 14 35 1599u0 28
69480.36 16 35 82 28
69485.26 15 40 1316u2 28
69487.39 14 36 1316u0 28
69490.51 14 36 344 28
69491.74 16 35 346 28
69493.39 15 36 0 28
69494.12 16 35 346 28
69496.42 15 36 248 28
69497.14 14 35 72 28
69500.66 18 40 247 28
69504.34 15 36 0 28
69507.78 18 40 249 28
69510.62 15 36 248 28
69514.09 18 38 0 28
69514.62 18 37 1099u0 28
69517.31 14 38 3946 28
69522.06 18 38 235 28
69524.06 19 40 0 28
69524.98 18 40 250 28
69527.44 19 38 0 28
69528.54 18 40 250 28
69530.49 18 39 0 28
69531.44 18 40 250 28
69535.21 19 39 0 28
69536.29 18 40 250 28
69546.42 17 38 0 28
69547.89 17 38 67 28
69551.21 11 36 558 -1
69555.01 8 46 341 28
69556.56 8 47 344 28
69557.66 8 46 339 28
69559.41 8 48 344 28
69561.77 8 45 339 28
69562.52 8 44 344 28
69563.47 8 45 338 28
69567.37 14 40 345 28
69572.36 14 40 0 28
69573.54 14 40 345 28
69580.79 17 35 0 28
69583.29 17 35 132 28
69584.42 16 36 0 28
69586.39 17 35 72 28
69587.26 16 36 71u3 28
69589.71 17 35 0 28
69591.54 14 35 1599u0 28
69602.92 15 33 0 28
69605.82 14 39 468 28
69615.24 14 39 469 28
69616.82 13 40 467 28
69617.41 14 39 470 28
69618.02 14 40 468 28
69619.07 13 40 0 28
69619.52 14 40 469 28
69620.16 13 40 467u3 28
69621.12 14 40 470 28
69622.51 13 41 463 28
69623.09 14 40 0 28
69624.54 14 39 880 28
69628.41 16 47 0 28
69629.22 17 46 59 28
69629.76 17 46 0 28
69633.42 14 39 875 28
69634.27 14 39 0 28
69637.12 17 35 875 28
69638.56 18 37 0 28
69643.74 12 34 1099u0 28
69646.29 17 35 0 28
69650.52 19 39 875 28
69661.96 19 46 48 28
69665.96 17 46 62 28
69666.94 17 47 0 28
69676.49 17 35 64 28
69679.21 17 35 67 28
69679.52 17 35 69 28
69679.90 17 35 107 28
69681.90 17 35 0 28
69683.31 18 36 0 -1
69683.31 18 36 107 28
69684.96 18 36 0 -1
69684.96 18 36 74 28
69685.86 18 37 107 28
69689.65 20 33 661u0 28
69692.81 18 37 486 28
69695.44 18 37 108 28
69698.47 18 34 33 28
69700.94 18 34 0 28
69702.15 20 33 661u1 28
69705.24 19 39 0 28
69707.55 18 37 876 28
69710.26 19 39 107 28
69711.05 18 37 878 28
69712.81 19 39 0 28
69713.57 18 37 876 28
69715.30 18 37 878 28
69725.22 16 44 107 28
69728.27 20 45 33 28
69730.64 16 44 486 28
69731.47 18 44 33 28
69736.01 23 44 0 28
69739.04 16 44 0 28
69739.04 16 44 f1596 28
69739.89 17 44 107 28
69740.90 18 44 0 28
69741.74 17 44 486 28
69742.17 18 44 33 28
69766.19 18 47 49 28
69793.50 17 46 61 28
69797.59 17 46 0 28
69798.12 17 46 61 28
69799.15 17 46 0 28
69799.57 17 46 61 28
69800.59 17 46 0 28
69801.55 18 46 61 28
69860.24 8 46 338 28
69863.59 14 40 345 28
69864.87 13 41 0 28
69865.40 14 40 468 28
69866.93 13 40 0 28
69867.35 14 40 469 28
69868.09 13 40 467u3 28
69868.80 14 40 470 28
69869.67 13 41 463 28
69888.50 11 36 558 28
69888.88 11 36 1851 28
69889.75 11 36 558 28
69891.12 11 36 1851 28
69892.88 11 39 576 28
69893.70 11 36 558 -1
69896.21 11 36 1851 28
69901.57 13 33 578 28
69904.12 13 33 1125 28
69917.22 20 39 4056 28
69919.58 21 39 4056 28
69922.38 20 39 4057 28
69923.12 21 39 4057 28
69939.82 14 34 0 28
69941.98 14 34 292 28
69942.93 14 35 72 28
69945.00 14 35 1599u0 -1
69964.73 18 39 236 28
69994.68 26 27 99 28
69997.22 28 32 96 28
70007.07 28 52 0 28
70012.13 17 44 0 28
70012.13 17 44 f1596 28
70012.97 18 44 0 -1
70012.97 18 44 107 28
70013.67 18 44 486 28
70014.02 19 44 33 28
70066.33 44 54 0 28
70097.40 38 78 291 28
70101.78 38 80 0 28
70102.70 37 81 33 28
70110.06 38 78 0 28
70131.18 39 40 291 28
70153.53 42 39 0 28
70161.55 41 40 33 28
70173.88 41 40 0 28
70193.70 39 40 0 -1
70193.70 39 40 33 28
70196.64 39 43 291 28
70205.41 39 43 0 28
70206.46 39 44 291 28
70209.21 39 40 0 28
70233.68 103 41 33 28
70238.76 103 41 0 28
70281.01 178 40 33 28
70282.21 176 40 54 28
70283.98 174 40 57 28
70284.51 175 40 53 28
70285.14 174 40 58 28
70286.91 174 40 0 28
70289.44 180 39 58 28
70290.39 180 40 53 28
70290.94 179 39 57 28
70293.03 176 37 54 28
70295.08 179 39 58 28
70295.39 179 39 0 28
70296.56 180 39 59 28
70297.24 180 39 0 28
70300.88 182 37 53 28
70306.34 183 42 57 28
70307.68 182 43 55 28
70308.44 183 42 58 28
70309.24 183 42 0 28
70341.93 196 34 34 28
70343.21 194 34 54 28
70343.83 195 34 57 28
70344.44 195 33 53 28
70345.11 195 34 58 28
70345.48 195 34 0 28
70346.13 195 34 58 28
70349.92 195 34 59 28
70350.83 195 34 0 28
70353.16 193 33 0 28
70358.26 196 34 0 28
70380.59 199 80 34 28
70386.66 199 80 0 28
70397.92 161 80 34 28
70398.91 160 80 3961u2 28
70400.53 161 80 0 -1
70400.53 161 80 290 28
70402.26 160 81 34 28
70404.12 160 80 3961u1 28
70404.67 161 80 1598u0 28
70405.43 160 80 3961u0 28
70405.97 161 80 1598u1 28
70406.52 160 80 3944 28
70407.11 161 80 1598u2 28
70410.04 160 81 0 28
70445.32 116 80 0 -1
70445.32 116 80 34 28
70451.26 118 80 33 28
70457.71 116 80 0 28
70473.34 82 80 34 28
70477.07 82 80 0 28
70483.39 69 80 39 28
70484.67 70 80 34 28
70485.84 69 80 0 28
70487.51 70 80 0 28
70495.57 41 80 34 28
70497.46 41 80 0 28
70524.07 35 44 0 -1
70524.07 35 44 34 28
70531.51 38 44 674 28
70534.62 35 47 0 28
70536.82 37 44 674 28
70537.92 35 44 0 28
70545.71 21 44 0 -1
70545.71 21 44 34 28
70552.76 16 35 496 28
70553.96 16 36 0 28
70554.90 16 35 72 28
70555.40 16 35 0 -1
70555.40 16 35 71u3 28
70556.44 14 35 1599u1 28
70559.97 15 38 1602u0 28
70562.99 14 39 235 28
70570.84 17 35 292 28
70573.46 18 36 0 28
70575.46 17 35 0 28
70579.50 14 37 0 28
70586.14 13 37 303 28
70589.62 15 38 0 28
70591.64 14 39 0 28
70601.79 16 36 235 28
70616.64 16 47 59 28
70619.69 17 47 59 28
70632.44 18 43 205 28
70634.05 18 42 206 28
70657.27 15 34 0 28
70666.00 12 20 3566 28
70680.15 7 2 3566 28
70696.55 15 34 502u3 28
70697.45 17 34 0 28
70713.75 -4 19 152 28
70717.44 -1 18 143 28
70719.85 -4 19 0 28
70733.52 9 20 152 28
70736.92 9 20 0 28
70747.45 -1 22 1329 28
70755.49 3 21 151 28
70757.84 -1 22 1331 28
70779.18 -1 22 1332 28
70780.82 -2 24 1335 28
70784.30 -1 22 1340 28
70786.68 -1 22 1340u3 28
70788.15 -1 23 1342 28
70789.53 -1 22 1340u2 28
70790.74 -2 24 1342 28
70792.43 -1 22 1340u1 28
70793.74 -1 24 1342 28
70794.67 -1 22 1340u0 28
70795.47 -2 23 1342 28
70809.74 -1 22 1343 28
70811.42 0 24 1342 28
70818.63 3 21 0 28
70828.68 19 39 151 28
70836.87 18 39 0 28
70845.48 19 39 0 28
70846.03 19 39 152 28
70847.53 21 40 0 28
70894.92 -1 23 0 -1
70894.92 -1 23 292 28
70896.15 -1 23 0 28
70897.20 -2 23 0 -1
70897.20 -2 23 292 28
70898.43 -2 23 0 28
70901.80 -2 24 0 -1
70901.80 -2 24 292 28
70903.07 -2 24 0 28
70903.48 -1 24 0 -1
70903.48 -1 24 292 28
70907.66 0 24 0 28
70917.63 -1 24 0 28
70922.55 11 36 558 -1
70927.03 22 40 292 28
70953.40 21 40 803u1 28
70955.48 23 40 0 -1
70955.48 23 40 560 28
70957.81 23 38 134 28
70960.97 22 36 198 28
70962.88 22 37 564 28
70979.77 44 23 99 28
70993.64 45 23 87 28
70993.64 46 23 96 28
