startTime: 1614329697.04
24.12 15 46 f898 -1
24.12 15 47 f898 -1
32.37 18 43 0 16
39.24 17 43 0 16
40.24 17 43 151 16
41.02 15 43 0 16
42.01 17 44 334u1 16
51.84 7 37 0 16
58.07 15 43 135 16
59.21 14 43 391u3 16
59.76 15 43 0 -1
59.76 15 43 31 16
60.71 15 43 35 16
61.11 15 43 0 -1
61.11 15 43 135 16
64.04 13 48 216 16
67.39 14 43 391u2 16
67.92 15 43 0 -1
67.92 15 43 31 16
68.46 15 43 35 16
69.06 15 43 0 -1
69.06 15 43 135 16
72.91 12 48 216 16
77.82 11 37 0 16
78.81 11 37 127 16
80.56 11 38 0 16
81.86 10 36 0 -1
81.86 10 36 74 16
82.64 10 36 474 16
83.04 10 36 0 16
86.41 7 37 474 16
87.21 8 37 472u0 16
87.89 7 37 0 -1
87.89 7 37 473 16
88.18 7 37 475 16
89.57 8 37 475 16
91.71 10 36 474 16
96.11 14 35 0 16
97.66 14 35 264 16
99.49 10 34 0 16
102.15 10 35 560 16
104.24 10 35 0 16
106.56 10 35 560 16
111.87 15 43 0 16
116.84 10 36 1423 16
121.37 6 35 135 16
141.34 19 41 343 16
147.96 13 34 344 16
152.67 19 41 338 16
157.07 14 34 344 16
164.39 14 39 0 16
170.27 19 41 496 16
173.24 14 39 502u2 16
174.82 13 37 238 16
176.02 13 37 303 16
182.94 12 44 406 16
184.14 12 43 132 16
185.20 11 43 406 16
185.79 12 42 132 16
186.39 12 43 0 16
187.60 13 42 132 16
190.07 17 44 0 16
192.47 13 42 72 16
193.49 12 42 72 16
194.79 15 43 334u1 16
197.94 14 43 391u1 16
202.15 15 43 0 16
205.92 15 43 334u1 16
206.70 14 43 391u0 16
207.69 14 43 1135 16
209.50 15 43 0 16
210.65 12 44 340 16
214.07 15 43 334u1 16
215.35 12 44 341 16
216.89 15 42 1316u0 16
218.22 12 44 339 16
220.34 15 42 1316u1 16
222.24 12 44 338 16
228.72 6 36 0 -1
228.72 6 36 345 16
229.44 6 36 472 16
232.05 4 36 461u3 16
232.79 6 36 472u2 16
235.89 6 38 473 16
240.60 12 42 0 16
241.64 13 42 1599u0 16
245.70 12 39 49 16
247.49 14 40 0 -1
247.49 14 40 61 16
249.49 15 43 0 -1
249.49 15 43 496 16
250.84 15 43 72 16
251.32 15 43 0 -1
251.32 15 43 334u1 16
254.00 13 42 1599u1 16
263.39 10 36 74 16
265.07 10 36 0 -1
265.07 10 36 134 16
269.92 17 40 75 16
270.65 18 39 74 16
273.04 12 38 48 16
275.65 11 38 64 16
276.42 12 38 48 16
284.29 18 39 0 -1
284.29 18 39 62 16
285.54 17 40 75 16
286.63 18 39 0 -1
286.63 18 39 74 16
287.88 17 40 67 16
291.35 14 40 78 16
292.85 14 41 0 -1
292.85 14 41 62 16
293.95 14 41 0 -1
293.95 14 41 3891 16
294.45 15 41 62 16
295.99 13 42 1599u0 16
297.82 14 40 82 16
298.63 15 40 0 16
299.70 14 40 346 16
307.45 13 42 72 16
310.55 18 40 247 16
311.62 17 40 0 16
315.60 14 40 346 16
317.77 18 40 249 16
321.77 17 40 248 16
329.19 13 43 30u4 16
332.32 16 45 0 16
333.19 17 45 1138 16
334.90 14 43 393 16
335.99 16 43 235 16
338.04 13 43 30u3 16
346.65 13 37 238 16
348.07 13 37 303 16
349.49 12 36 0 16
352.98 20 39 235 16
354.02 20 39 0 16
354.55 19 39 0 -1
354.55 19 39 235 16
354.95 19 39 1354 16
355.25 19 39 0 16
373.80 15 40 1354 16
375.70 13 42 0 16
377.75 15 38 0 -1
377.75 15 38 72 16
381.48 10 39 33 16
390.98 13 43 30u2 16
392.27 13 43 30u1 16
395.19 15 43 0 16
397.03 11 43 340 16
397.95 12 43 334u1 16
398.63 11 43 341 16
403.22 15 42 1316u2 16
405.23 11 43 339 16
406.48 15 42 1316u3 16
407.43 13 43 30u0 16
408.98 11 43 338 16
413.37 8 35 0 -1
413.37 8 35 345 16
414.08 8 35 468 16
415.02 7 35 0 16
415.92 8 35 469 16
416.53 7 35 467u1 16
417.13 8 35 470 16
417.50 8 34 463 16
417.95 8 35 0 16
420.75 7 35 0 -1
420.75 7 35 470 16
421.67 7 35 0 -1
421.67 7 35 467u1 16
422.03 8 35 470 16
423.38 6 36 472u1 16
424.52 8 35 724 16
432.05 8 35 470 16
433.02 8 35 724 16
445.88 5 37 0 16
446.98 5 38 59 16
447.75 5 38 0 16
449.90 8 35 659 16
450.67 8 35 0 16
455.05 15 43 659 16
456.55 13 43 279 16
463.97 15 43 0 16
465.18 15 43 659 16
467.53 16 36 49 16
469.72 14 39 0 -1
469.72 14 39 61 16
472.78 12 44 496 16
474.03 11 43 496 16
475.92 12 44 0 -1
475.92 12 44 502u2 16
476.53 12 43 0 -1
476.53 12 43 496 16
477.03 12 43 72 16
477.70 12 43 0 -1
477.70 12 43 334u1 16
479.23 13 42 72 16
480.63 12 43 0 16
482.02 11 43 72 16
482.47 12 43 334u1 16
483.05 11 43 0 16
484.12 13 42 1599u0 16
485.28 11 44 406 16
486.13 12 42 132 16
486.95 12 43 0 16
488.98 12 42 72 16
489.38 12 42 0 -1
489.38 12 42 334u1 16
489.93 13 42 1599u1 16
490.90 13 42 1599u0 16
492.82 15 40 0 -1
492.82 15 40 72 16
493.47 15 41 1354 16
495.57 17 40 0 16
497.15 14 40 346 16
497.73 15 40 82 16
498.98 17 40 248 16
508.42 14 44 391u5 16
511.08 14 44 391u4 16
512.73 15 43 0 16
534.57 -2 81 659 16
544.28 0 80 1096u7 16
544.80 0 80 1096 16
546.55 -2 81 0 16
562.13 15 44 659 16
563.25 14 44 391u3 16
565.85 14 42 0 16
584.88 0 80 3963 16
600.15 12 44 0 16
604.98 11 49 503 16
608.45 10 55 503 16
609.65 9 57 503 16
610.43 11 58 503 16
622.75 0 80 662 16
626.98 5 75 502u2 16
628.58 3 75 30u0 16
630.50 5 75 0 16
643.90 16 46 502u2 16
646.98 15 47 0 16
651.38 17 45 0 16
655.31 15 43 1138 16
661.11 16 43 1603u0 -1
662.86 15 41 0 16
664.11 15 40 85 16
670.00 19 39 235 16
671.80 19 39 1354 16
672.06 19 39 0 16
674.96 14 40 85 16
680.21 19 39 235 16
683.16 19 39 1354 16
683.40 19 39 0 16
685.27 14 40 85 16
688.25 19 39 1355 16
693.01 13 42 72 16
695.95 14 40 82 16
697.13 15 42 1316u2 16
698.14 14 40 346 16
704.64 12 42 0 16
706.00 11 44 340 16
706.81 12 43 334u1 16
707.38 11 44 341 16
709.38 15 42 1316u3 16
711.13 11 44 339 16
713.14 15 42 1316 16
715.39 11 44 338 16
720.83 8 34 0 -1
720.83 8 34 345 16
721.28 8 34 468 16
722.69 7 35 0 16
723.21 8 34 469 16
724.13 7 34 467u1 16
725.11 8 34 470 16
726.00 7 35 463 16
726.55 8 34 0 16
727.16 8 35 470 16
733.21 11 38 67 16
738.71 10 29 99 16
740.91 13 31 96 16
780.96 1 -10 123 16
782.64 1 -10 122 16
809.23 -3 5 124 16
811.86 -1 5 123 16
815.63 -1 5 122 16
816.61 -3 5 292 16
816.86 -3 5 0 16
822.99 5 10 411u4 16
839.19 12 45 1101 16
842.08 17 45 292 16
845.39 14 44 391u2 16
846.64 14 44 391u1 16
848.68 14 44 391u0 16
850.04 15 44 0 16
892.89 17 44 659 16
893.71 17 43 0 16
898.73 12 36 151 16
901.28 12 36 0 16
951.32 12 36 152 16
959.44 19 39 0 16
960.97 19 39 235 16
962.76 19 39 1354 16
972.61 9 34 0 16
974.26 9 35 0 -1
974.26 9 35 207 16
975.39 9 34 852 16
981.37 16 46 0 16
983.46 11 44 496 16
984.94 11 44 0 -1
984.94 11 44 502u2 16
985.43 12 43 0 -1
985.43 12 43 496 16
986.57 12 43 72 16
986.94 12 43 0 -1
986.94 12 43 334u1 16
988.06 13 42 1599u0 16
989.69 12 43 0 16
990.92 15 44 334u1 16
992.16 11 44 0 16
995.11 16 45 502u2 16
997.99 16 43 235 16
1001.49 12 45 1101u0 16
1002.04 12 44 1138 16
1002.74 12 45 1138 16
1005.78 12 43 1138 16
1009.17 17 43 235 16
1011.39 14 44 1135 16
1013.12 14 45 391u4 16
1017.32 18 43 31 16
1021.77 15 45 0 16
1023.22 12 45 1136 16
1024.04 12 45 213 16
1025.06 12 44 1136 16
1026.32 12 44 213 16
1026.93 12 43 1136 16
1028.71 12 43 213 16
1032.04 16 46 857u1 16
1039.04 19 39 0 16
1041.07 14 40 85 16
1043.14 15 40 1355 16
1046.27 11 36 302 16
1047.42 11 36 301 16
1058.24 17 45 0 16
1071.66 5 10 411u3 16
1084.92 11 44 1101 16
1086.52 11 45 292 16
1089.22 17 43 0 16
1092.12 11 44 1101u0 16
1093.27 11 43 1138 16
1094.40 11 44 1138 16
1095.67 10 43 1138 16
1099.09 11 44 0 16
1102.62 9 43 1138 16
1103.96 11 44 235 16
1107.52 16 46 0 16
1110.19 11 43 1136 16
1110.90 11 43 213 16
1112.67 10 43 1136 16
1113.09 10 43 213 16
1114.06 9 43 1136 16
1114.44 9 43 213 16
1117.49 17 43 857u1 16
1120.80 16 44 150 16
1122.49 16 44 150u1 16
1124.04 18 43 35 16
1126.00 18 44 135 16
1127.97 18 43 0 16
1130.45 12 43 216 16
1135.39 13 44 53 16
1138.67 11 46 57 16
1139.76 13 45 53 16
1141.09 11 46 58 16
1142.92 12 47 53 16
1144.04 11 47 57 16
1149.20 14 45 391u3 16
1150.62 14 45 391u2 16
1152.62 14 45 391u1 16
1155.97 13 46 55 16
1159.24 11 47 58 16
1159.64 11 47 0 16
1160.39 11 46 59 16
1162.97 13 46 55 16
1163.70 13 47 214 16
1165.02 13 46 55 16
1165.64 12 45 214 16
1166.30 13 46 55 16
1167.59 12 44 214 16
1169.29 13 46 55 16
1174.04 11 47 220 16
1175.02 11 46 0 16
1181.14 8 35 434 16
1182.06 11 36 302 16
1183.67 11 36 301 16
1184.77 11 38 0 16
1187.17 8 35 471 16
1188.35 8 37 0 16
1188.92 8 35 483 16
1190.02 7 37 0 16
1193.29 8 35 484 16
1193.92 8 35 0 16
1207.22 9 36 0 -1
1207.22 9 36 484 16
1208.94 9 36 0 16
1210.94 7 34 0 -1
1210.94 7 34 484 16
1211.99 7 34 0 16
1219.00 12 50 484 16
1221.77 11 49 508u3 16
1223.90 11 49 546u3 16
1225.15 11 49 506 16
1225.40 11 49 882u3 16
1227.89 11 49 883u3 16
1229.07 11 49 881 16
1230.60 12 50 0 16
1231.09 11 49 0 -1
1231.09 11 49 484 16
1232.02 11 49 0 16
1234.10 11 56 484 16
1236.02 10 55 508u3 16
1237.15 10 55 546u3 16
1238.45 10 55 506 16
1238.72 10 55 882u3 16
1239.79 10 55 883u3 16
1241.42 10 55 881 16
1242.64 11 56 0 16
1243.19 10 55 0 -1
1243.19 10 55 484 16
1244.04 10 55 0 16
1246.15 9 58 484 16
1248.54 9 57 508u3 16
1249.92 9 57 546u3 16
1252.52 9 57 506 16
1252.82 9 57 882u3 16
1254.17 9 57 883u3 16
1255.82 9 57 881 16
1256.60 11 58 508u3 16
1258.35 11 58 546u3 16
1259.70 11 58 506 16
1260.05 11 58 882u3 16
1260.88 11 58 883u3 16
1261.97 11 58 881 16
1263.75 9 58 0 16
1264.24 11 58 0 -1
1264.24 11 58 484 16
1265.12 11 58 0 16
1266.09 9 57 0 -1
1266.09 9 57 484 16
1266.92 9 57 0 16
1271.34 15 45 484 16
1272.70 14 45 391u0 16
1275.17 16 43 0 16
1275.69 15 43 0 16
1276.70 14 44 393 16
1277.50 16 43 235 16
1278.37 15 45 0 16
1282.24 14 39 484 16
1284.22 16 39 886 16
1288.25 15 45 107 16
1298.99 19 41 0 16
1303.50 14 42 496 16
1311.19 14 45 1135 16
1315.75 16 36 49 16
1318.27 19 39 61 16
1323.12 12 34 0 16
1324.54 12 34 462 16
1329.15 9 34 0 16
1329.95 7 33 0 -1
1329.95 7 33 852 16
1339.34 15 45 486 16
1341.12 17 45 33 16
1342.07 15 44 0 16
1344.09 16 46 334u1 16
1345.67 15 42 1316u3 16
1347.38 15 42 1316 16
1350.53 14 46 391u5 16
1352.30 14 46 391u4 16
1355.80 14 46 391u3 16
1362.09 14 39 0 16
1364.52 15 46 484 16
1366.60 15 45 0 16
1366.60 15 45 f884 16
1367.50 15 44 107 16
1368.73 17 45 0 16
1369.80 15 44 486 16
1370.85 17 45 33 16
1374.50 15 44 0 16
1374.50 15 44 f884 16
1375.82 15 43 107 16
1377.10 17 45 0 16
1380.00 15 43 486 16
1383.42 15 45 33 16
1385.25 15 46 0 16
1386.02 15 44 484 16
1389.43 15 43 0 16
1389.43 15 43 f884 16
1390.70 15 43 107 16
1397.37 15 38 0 16
1401.88 15 40 0 -1
1401.88 15 40 72 16
1404.12 15 41 1355 16
1406.47 15 44 0 16
1407.42 14 42 0 -1
1407.42 14 42 484 16
1410.82 16 46 0 -1
1410.82 16 46 496 16
1411.18 16 46 72 16
1411.60 16 46 0 -1
1411.60 16 46 334u1 16
1414.33 13 42 1599u1 16
1415.37 15 42 1316u3 16
1416.08 15 42 1316u2 16
1416.83 15 42 1316u1 16
1417.58 15 42 1316u0 16
1418.27 14 42 0 16
1420.33 14 39 484 16
1422.37 15 38 344 16
1423.82 15 38 1316u0 16
1424.88 15 38 1316u1 16
1426.42 15 38 1316u2 16
1427.60 14 39 0 16
1429.33 14 42 484 16
1430.35 15 42 344 16
1431.23 15 42 0 16
1431.95 14 42 0 16
1434.00 14 39 484 16
1435.25 15 38 1316u3 16
1436.75 14 39 0 16
1437.50 14 39 484 16
1438.68 15 38 1316 16
1439.18 14 39 0 16
1440.47 15 41 0 -1
1440.47 15 41 484 16
1443.67 15 42 235 16
1446.03 15 42 0 16
1446.82 14 42 235 16
1448.60 15 43 0 16
1449.27 15 42 107 16
1450.85 15 45 0 16
1452.62 15 42 486 16
1453.40 15 43 33 16
1454.78 15 41 0 16
1464.13 15 43 0 -1
1464.13 15 43 484 16
1465.17 15 44 33 16
1465.92 16 43 0 16
1467.22 18 43 235 16
1474.65 15 43 0 16
1476.62 16 45 0 -1
1476.62 16 45 484 16
1477.98 16 45 0 16
1500.32 9 92 484 16
1502.10 8 92 503 16
1504.10 8 92 508u3 16
1505.38 8 92 546u3 16
1508.40 10 92 863 16
1508.98 8 92 506 16
1510.68 9 92 0 16
1526.72 16 45 484 16
1528.73 17 45 502u2 16
1534.23 14 46 391u2 16
1537.00 11 45 0 16
1561.76 5 10 411u2 16
1575.81 15 45 1101 16
1577.37 15 46 292 16
1579.58 11 44 0 16
1580.88 15 45 1101u0 16
1581.35 13 45 1138 16
1582.18 15 45 1138 16
1583.93 11 44 1138 16
1585.80 15 45 0 16
1586.33 14 45 393 16
1587.13 15 45 235 16
1612.26 16 46 0 16
1620.71 14 40 334u1 16
1625.66 13 37 238 16
1628.90 13 37 303 16
1631.06 9 38 48 16
1631.78 8 37 64 16
1640.38 14 46 391u1 16
1647.03 15 45 0 16
1654.90 1 51 511u2 16
1662.36 12 43 217 16
1668.96 16 46 235 16
1670.51 14 46 391u0 16
1671.66 14 46 1135 16
1674.06 18 44 0 -1
1674.06 18 44 31 16
1674.78 18 44 35 16
1675.10 18 44 0 -1
1675.10 18 44 135 16
1678.08 11 43 216 16
1680.05 14 42 0 16
1687.71 1 51 511u2 16
1696.33 11 43 217 16
1697.66 14 42 235 16
1716.30 7 84 30u3 16
1732.01 10 125 0 16
1738.83 18 133 33 16
1740.58 17 133 39 16
1742.23 17 133 0 16
1743.71 18 133 0 16
1756.36 22 154 39 16
1758.26 22 154 0 16
1770.61 6 167 806 16
1772.48 6 167 0 16
1784.22 -9 171 0 16
1849.49 -40 212 39 16
1851.18 -40 212 0 16
1900.41 -40 80 3961u0 16
1900.98 -39 80 290 16
1901.49 -40 80 3944 16
1901.99 -39 80 1598u0 16
1903.01 -39 80 290 16
1904.03 -39 80 1598u0 16
1904.96 -39 80 290 16
1905.71 -39 80 1598u0 16
1943.21 12 34 0 16
1947.74 16 43 462 16
1955.82 11 40 45 16
1959.17 12 42 66 16
1961.99 14 40 0 16
1963.41 11 40 340 16
1964.79 14 40 334u1 16
1965.66 11 40 341 16
1968.37 15 41 344 16
1969.91 11 40 339 16
1971.19 15 41 1316u0 16
1972.79 11 40 338 16
1977.29 16 43 0 -1
1977.29 16 43 345 16
1977.82 16 43 467 16
1978.54 16 43 0 -1
1978.54 16 43 462 16
1987.86 17 45 0 16
1988.76 16 45 0 16
2036.17 9 92 484 16
2040.81 8 92 882u3 16
2044.04 8 92 883u3 16
2045.69 8 92 881 16
2046.99 9 92 0 16
2047.39 8 92 0 -1
2047.39 8 92 484 16
2048.19 8 92 0 16
2057.99 -2 72 484 16
2060.19 -1 73 503 16
2061.26 1 73 503 16
2065.67 -1 73 508u3 16
2066.69 -1 73 546u2 16
2067.71 -1 73 506 16
2068.02 -1 73 882u2 16
2068.82 -1 73 883u2 16
2069.74 -1 73 881 16
2070.39 1 73 508u2 16
2072.56 1 73 546u2 16
2073.78 1 73 506 16
2074.24 1 73 882u2 16
2075.04 1 73 883u2 16
2076.74 1 73 881 16
2078.94 -2 72 0 16
2080.39 -1 73 0 -1
2080.39 -1 73 484 16
2081.39 -1 73 0 16
2082.24 1 73 0 -1
2082.24 1 73 484 16
2083.11 1 73 0 16
2097.37 16 45 484 16
2102.94 15 42 0 16
2102.94 15 42 f884 16
2110.59 19 41 107 16
2115.26 14 47 391u5 16
2118.35 16 46 0 16
2119.19 15 47 235 16
2120.34 14 47 391u4 16
2120.94 15 47 253u0 16
2121.46 14 47 391u3 16
2121.84 15 47 253u1 16
2122.32 14 47 391u2 16
2122.73 15 47 253u2 16
2123.19 14 47 391u1 16
2123.65 15 47 253u3 16
2124.10 14 47 391u0 16
2124.59 15 47 253u4 16
2125.12 14 47 1135 16
2125.61 15 47 253 16
2127.54 14 48 391u4 16
2131.35 15 47 0 16
2137.24 8 36 265 16
2138.35 10 36 0 -1
2138.35 10 36 235 16
2139.35 9 36 134 16
2140.04 8 36 0 16
2149.55 10 36 0 16
2154.89 15 48 235 16
2156.04 14 48 391u3 16
2156.85 15 48 253u0 16
2157.47 14 48 391u2 16
2157.94 15 48 253u1 16
2158.65 14 48 391u1 16
2159.17 15 48 253u2 16
2160.45 14 48 391u0 16
2160.92 15 48 253u3 16
2161.47 14 48 1135 16
2161.95 15 48 253u4 16
2163.02 15 48 0 16
2182.12 5 75 253u4 16
2183.20 5 76 279 16
2184.24 5 75 253 16
2186.19 3 75 279 16
2189.57 5 75 0 16
2205.17 7 36 265 16
2205.69 7 36 0 -1
2205.69 7 36 235 16
2216.57 21 44 0 16
2219.04 19 41 486 16
2219.40 19 41 108 16
2220.30 19 42 33 16
2222.90 16 45 0 16
2225.45 20 42 484 16
2227.82 19 41 887 16
2229.22 20 41 107 16
2230.14 19 42 0 16
2230.94 20 41 486 16
2231.24 20 41 108 16
2232.40 19 42 33 16
2243.84 12 36 0 16
2245.17 12 36 152 16
2251.92 13 51 198 16
2261.70 2 73 49 16
2264.59 0 80 4085 -1
2264.59 -1 78 87 16
2264.59 -2 78 61 16
2288.25 7 38 0 17
2293.70 20 30 163 17
2299.57 8 38 0 17
2305.23 20 30 3176 17
2311.13 16 34 3180u1 17
2316.19 20 34 48 17
2336.65 18 44 0 -1
2336.65 18 44 64 17
2338.99 16 44 150 17
2342.45 13 51 0 17
2345.80 15 46 0 17
2358.65 5 10 411u1 17
2373.10 16 45 1101 17
2374.40 15 46 292 17
2376.83 18 43 0 17
2378.25 16 45 1101u0 17
2379.77 14 46 393 17
2380.87 16 45 1138 17
2382.17 14 47 393 17
2383.15 16 45 0 17
2384.93 14 48 393 17
2386.48 16 46 235 17
2389.27 18 47 49 17
2393.62 14 39 61 17
2424.04 9 -35 87 17
2452.72 17 -20 49 18
2455.02 14 -15 61 18
2458.92 16 -15 39 18
2460.37 16 -15 0 18
2466.20 15 -14 39 18
2467.87 15 -14 0 18
2489.63 13 41 40 18
2494.18 18 39 0 18
2495.15 17 40 75 18
2495.73 18 39 74 18
2498.08 12 38 48 18
2501.23 17 40 67 18
2503.32 14 39 78 18
2506.52 14 41 0 -1
2506.52 14 41 62 18
2508.70 13 41 0 -1
2508.70 13 41 3891 18
2511.15 15 42 40 18
2512.63 15 40 0 18
2513.21 14 39 82 18
2514.98 15 41 344 18
2516.02 14 39 346 18
2520.95 13 42 1599u0 18
2523.31 18 40 247 18
2526.25 17 40 0 18
2527.83 14 39 346 18
2530.43 18 40 249 18
2532.76 17 40 248 18
2538.45 20 41 887 18
2539.40 21 41 107 18
2540.97 19 42 0 18
2542.68 21 41 486 18
2545.35 21 41 108 18
2545.93 22 41 33 18
2548.36 18 40 250 18
2549.60 18 40 250 18
2556.68 19 39 33 18
2559.70 14 37 0 18
2561.63 19 39 0 -1
2561.63 19 39 245 18
2562.85 19 39 251 18
2570.06 20 40 33 18
2578.50 14 42 0 18
2613.33 1 51 511u2 18
2626.08 19 39 252 18
2631.30 14 37 235 18
2639.56 15 36 0 18
2642.10 19 39 0 -1
2642.10 19 39 236 18
2642.91 19 39 264 18
2644.90 19 39 0 -1
2644.90 19 39 252u2 18
2649.26 14 35 0 18
2691.88 19 46 48 18
2693.63 18 44 4062u0 -1
2694.94 18 44 64 18
2695.74 18 45 64 18
2704.95 18 44 67 18
2705.65 18 45 67 18
2707.89 18 45 0 18
2708.66 18 44 557 18
2710.31 16 43 0 18
2711.34 18 44 556 18
2712.66 18 45 462 18
2713.43 18 44 0 18
2737.20 13 41 0 -1
2737.20 13 41 556 18
2739.66 15 42 0 -1
2739.66 15 42 3891 18
2752.51 17 43 0 18
2753.59 19 43 857u1 18
2769.44 17 44 0 18
2773.86 22 41 0 18
2775.38 20 42 0 18
2781.16 16 46 0 -1
2781.16 16 46 484 18
2782.59 16 46 0 18
2797.59 0 81 484 18
2801.69 0 80 3963 18
2805.59 0 80 662 18
2809.98 -1 81 659 18
2811.98 0 80 662 18
2813.49 -1 81 1099u0 18
2814.91 0 80 662 18
2815.93 -1 81 1099u1 18
2817.09 0 80 662 18
2820.34 -1 81 1099u2 18
2820.78 -1 81 0 -1
2820.78 -1 81 235 18
2822.86 0 79 1099u2 18
2824.16 -1 81 0 18
2824.68 0 80 662 18
2825.76 0 79 1099u3 18
2826.53 0 80 662 18
2827.51 0 79 1099u4 18
2828.34 0 80 662 18
2829.11 0 79 1099u5 18
2829.99 0 80 662 18
2831.24 0 79 1099u6 18
2832.53 0 80 662 18
2833.41 0 79 1099u7 18
2834.58 0 80 662u3 18
2835.51 0 79 1099 18
2836.59 0 80 662u3 18
2837.51 0 79 660 18
2838.69 0 80 662u2 18
2844.71 0 81 0 -1
2844.71 0 81 382 18
2845.96 0 81 0 -1
2845.96 0 81 484 18
2847.49 0 81 0 -1
2847.49 0 81 382 18
2849.41 0 79 0 -1
2849.41 0 79 484 18
2856.88 0 81 0 18
2873.08 12 44 215 18
2886.66 10 44 235 18
2889.16 11 43 391u5 18
2890.21 10 45 31 18
2891.76 11 43 391u4 18
2893.46 11 45 31 18
2896.57 16 44 150u1 18
2899.71 10 45 35 18
2900.77 11 45 35 18
2901.12 11 45 0 -1
2901.12 11 45 135 18
2902.81 10 43 216 18
2904.81 10 45 0 18
2906.54 9 43 216 18
2909.62 9 41 406 18
2910.92 11 42 132 18
2924.67 0 79 0 18
2939.31 10 45 484 18
2945.41 10 44 0 -1
2945.41 10 44 660 18
2945.94 10 44 1099 18
2947.22 10 43 217 18
2948.91 10 44 1099u7 18
2949.99 9 43 217 18
2951.81 10 44 1099u6 18
2952.92 12 45 215 18
2954.84 10 44 1099u5 18
2956.77 13 47 215 18
2958.11 11 46 235 18
2962.39 19 43 0 18
2965.17 13 45 1136 18
2965.77 13 45 213 18
2968.34 11 44 1136 18
2968.66 11 44 213 18
2971.49 16 45 857u1 18
2979.24 10 45 0 18
2982.36 16 43 484 18
2983.31 15 41 0 18
2984.49 15 41 344 18
2993.06 16 43 0 18
2994.47 15 46 0 -1
2994.47 15 46 484 18
2995.80 15 46 0 18
3003.16 18 29 484 18
3008.19 20 30 179 18
3009.86 20 30 196 18
3011.97 18 29 0 18
3020.94 6 10 484 18
3025.12 5 10 411u0 18
3027.91 6 10 0 18
3043.97 10 45 484 18
3045.34 10 45 0 18
3046.19 10 46 484 18
3050.19 10 45 1101 18
3051.57 11 46 0 -1
3051.57 11 46 292 18
3053.49 10 45 1101u0 18
3054.74 9 44 1138 18
3056.39 10 45 1138 18
3057.22 9 45 1138 18
3058.52 10 45 0 18
3059.61 9 46 1138 18
3061.27 11 47 235 18
3064.94 16 45 0 18
3068.29 9 44 1136 18
3068.87 9 44 213 18
3071.27 9 45 1136 18
3071.61 9 45 213 18
3073.17 9 46 1136 18
3073.44 9 46 213 18
3075.15 10 45 857u1 18
3083.04 19 39 0 -1
3083.04 19 39 236 18
3083.65 19 39 264 18
3084.61 19 39 0 -1
3084.61 19 39 252u1 18
3125.82 15 42 0 18
3127.24 15 42 3891 18
3130.62 10 46 0 18
3140.80 19 30 484 18
3147.35 19 30 0 18
3160.85 16 45 484 18
3168.75 18 43 180 18
3173.34 11 45 0 18
3176.00 18 43 182 18
3176.80 17 43 135 18
3177.54 18 43 181 18
3181.42 18 43 0 -1
3181.42 18 43 183 18
3182.50 19 43 181 18
3187.19 14 37 0 18
3191.24 19 43 0 -1
3191.24 19 43 235 18
3191.69 19 43 254 18
3195.74 19 43 255 18
3198.07 19 43 0 18
3204.10 21 40 255 18
3206.45 21 40 0 -1
3206.45 21 40 264 18
3209.13 21 40 270 18
3209.85 21 40 0 -1
3209.85 21 40 235 18
3213.25 21 40 0 18
3216.45 19 43 235 18
3231.37 16 45 0 18
3234.72 11 46 0 -1
3234.72 11 46 484 18
3235.55 11 46 0 18
3244.79 17 34 484 18
3245.70 16 34 0 18
3247.09 16 34 3180u1 18
3247.59 17 34 0 18
3257.07 7 10 484 18
3259.67 5 10 410 18
3262.74 5 10 787 18
3263.42 6 10 789 18
3263.94 5 10 787u0 18
3264.90 5 9 789 18
3266.40 5 10 788 18
3267.07 5 11 789 18
3271.15 8 10 160 18
3272.29 8 10 0 18
3274.10 5 10 1106 18
3275.33 7 10 0 18
3281.75 17 13 484 18
3287.15 22 11 2142u3 18
3290.58 19 12 2144 18
3295.53 17 12 163 18
3298.62 18 11 0 18
3301.08 20 13 0 18
3305.50 16 12 0 18
3306.48 16 13 291 18
3308.92 19 11 0 18
3314.58 15 13 291 18
3318.02 17 11 0 18
3319.78 17 11 291 18
3321.25 18 10 0 18
3322.08 18 11 291 18
3323.85 19 10 0 18
3324.42 19 11 291 18
3325.05 20 10 0 18
3325.85 20 11 291 18
3329.20 19 9 0 18
3330.93 16 11 291 18
3332.07 16 10 0 18
3332.92 15 10 291 18
3335.20 21 8 0 18
3338.60 14 11 291 18
3344.17 17 13 0 18
3354.98 14 41 484 18
3388.18 16 34 0 18
3395.68 17 12 3176 18
3404.75 14 36 0 -1
3404.75 14 36 3180u0 18
3406.18 15 36 302 18
3413.32 14 41 0 18
3432.22 5 0 484 18
3442.17 4 0 291 18
3445.80 3 0 291 18
3446.67 5 0 0 18
3458.31 34 3 0 -1
3458.31 34 3 484 18
3459.08 34 3 0 18
3467.28 20 5 0 -1
3467.28 20 5 484 18
3468.12 20 5 0 18
3472.78 13 11 484 18
3475.05 12 11 291 18
3477.10 11 11 291 18
3477.63 13 11 0 18
3482.88 16 12 484 18
3484.18 17 12 179 18
3485.25 17 12 196 18
3486.08 16 12 0 18
3488.78 20 12 484 18
3491.36 22 11 2142u2 18
3493.48 21 11 2144 18
3496.91 22 11 2142u1 18
3501.53 21 10 2144 18
3502.75 20 12 0 18
3507.76 14 13 484 18
3509.06 15 13 0 18
3511.01 13 11 291 18
3513.23 16 13 0 18
3517.40 10 11 291 18
3520.35 14 13 0 18
3526.50 16 20 484 18
3530.80 17 20 3566 18
3536.25 16 20 0 18
3551.30 21 43 484 18
3555.26 17 43 0 -1
3555.26 17 43 180 18
3557.15 17 43 182 18
3557.70 16 43 135 18
3558.46 17 43 181 18
3559.26 18 43 204 18
3565.10 17 43 0 -1
3565.10 17 43 34 18
3566.08 19 43 254 18
3567.01 17 43 0 18
3567.65 19 43 255 18
3571.81 19 43 0 18
3576.73 20 39 255 18
3578.16 19 40 0 18
3578.96 19 40 292 18
3582.01 20 39 0 -1
3582.01 20 39 264 18
3582.50 20 39 270 18
3583.13 20 39 0 -1
3583.13 20 39 235 18
3584.66 20 39 0 18
3586.58 19 42 235 18
3590.55 23 38 49 18
3594.05 20 37 61 18
3603.50 21 43 0 18
3625.83 44 20 484 18
3627.95 44 18 2142u5 18
3632.28 44 22 2144 18
3636.25 44 18 2142u4 18
3638.14 45 19 2144 18
3639.36 44 20 0 18
3647.86 25 21 484 18
3650.73 26 21 503 18
3654.20 26 21 508u2 18
3655.48 26 22 236 18
3657.78 26 22 0 18
3661.16 26 21 546u2 18
3663.38 26 21 506 18
3663.76 26 21 882u2 18
3665.23 26 21 883u2 18
3666.89 26 21 881 18
3668.89 25 21 0 18
3669.49 26 21 0 -1
3669.49 26 21 484 18
3670.51 26 21 0 18
3686.03 21 42 484 18
3689.38 21 41 887 18
3694.36 21 42 0 18
3699.71 11 46 484 18
3702.64 10 47 1101 18
3703.84 11 47 0 -1
3703.84 11 47 292 18
3704.51 10 47 1101u0 18
3705.56 9 47 1138 18
3706.14 10 47 1138 18
3707.14 9 48 1138 18
3708.03 10 47 0 18
3708.68 10 48 1138 18
3712.13 11 46 0 18
3712.96 11 46 484 18
3718.84 10 47 235 18
3719.68 11 46 0 18
3724.53 15 40 484 18
3728.78 13 42 72 18
3729.28 14 41 72 18
3730.43 14 40 0 18
3731.48 12 42 72 18
3732.26 11 42 72 18
3733.04 11 42 0 -1
3733.04 11 42 334u0 18
3733.54 13 42 1599u0 18
3734.08 12 42 0 18
3735.31 13 42 1599u1 18
3736.93 12 39 49 18
3737.86 14 39 61 18
3741.38 18 39 0 18
3744.34 17 40 75 18
3746.91 14 39 0 -1
3746.91 14 39 74 18
3748.39 14 40 61 18
3749.98 12 38 48 18
3753.53 17 40 67 18
3756.41 14 40 78 18
3757.61 14 41 0 -1
3757.61 14 41 62 18
3761.68 14 40 82 18
3762.88 15 41 0 18
3763.63 14 40 346 18
3765.53 13 42 1599u0 18
3768.23 18 40 247 18
3769.18 17 40 0 18
3771.81 14 40 346 18
3773.81 18 40 249 18
3774.39 17 40 248 18
3778.03 18 39 236 18
3778.96 19 39 0 18
3779.56 18 39 264 18
3780.33 19 39 252u0 18
3781.43 18 39 0 18
3783.06 18 39 270 18
3791.74 18 39 0 18
3792.89 18 40 250 18
3797.48 18 40 250 18
3802.49 18 39 264 18
3825.61 18 39 0 18
3833.39 13 36 0 18
3835.41 13 36 291 18
3848.62 8 41 45 18
3852.33 12 42 66 18
3852.86 11 42 0 18
3854.19 9 41 340 18
3855.54 11 41 858 18
3856.21 9 41 341 18
3861.84 11 42 344 18
3862.66 9 41 339 18
3863.49 11 42 1316u0 18
3864.46 9 41 338 18
3868.72 12 42 0 -1
3868.72 12 42 345 18
3869.59 14 42 66 18
3870.82 11 41 0 18
3873.81 15 42 0 -1
3873.81 15 42 858 18
3875.14 15 43 3891 18
3890.54 13 37 238 18
3891.51 14 37 288 18
3894.69 13 42 72 18
3896.99 13 37 281 18
3900.29 17 40 0 18
3905.22 14 40 346 18
3908.62 13 37 282 18
3910.74 11 37 0 -1
3910.74 11 37 248 18
3911.21 13 37 293 18
3913.06 13 35 0 18
3915.04 13 35 310 18
3919.41 11 35 0 18
3920.36 14 35 326 18
3924.01 11 36 302 18
3926.37 7 36 318 18
3927.82 7 36 0 18
3931.57 15 37 318 18
3942.96 13 37 299 18
3946.11 11 38 127 18
3948.89 14 37 0 18
3949.81 13 37 305 18
3951.22 11 37 0 18
3956.22 13 37 304 18
3958.22 17 35 0 -1
3958.22 17 35 248 18
3960.21 13 35 0 18
3961.44 13 37 304 18
3962.24 13 36 309 18
3962.87 13 35 239 18
3964.17 15 35 0 18
3965.27 13 36 313 18
3966.39 14 37 441u3 18
3967.46 13 36 291 18
3968.47 15 35 314 18
3969.11 13 35 0 18
3969.82 14 35 0 18
3970.96 13 37 304 18
3971.65 13 36 330 18
3972.26 13 35 239 18
3974.14 14 37 0 18
3975.21 13 36 331 18
3975.86 14 35 441u3 18
3977.11 13 35 0 18
3978.67 12 37 0 18
3979.42 13 37 304 18
3981.62 14 37 307 18
3982.76 14 37 0 18
3984.46 14 37 307 18
3986.59 14 37 0 18
3987.87 13 35 307 18
3989.32 14 37 239 18
3990.07 13 36 291 18
3991.71 14 37 0 -1
3991.71 14 37 333 18
3992.81 13 35 0 18
3993.61 13 36 309 18
3994.56 14 35 0 -1
3994.56 14 35 239 18
3995.19 13 36 313 18
3996.49 13 35 441u3 18
3997.51 13 36 291 18
4002.02 15 37 316 18
4002.72 15 37 0 18
4004.15 12 37 316 18
4006.24 12 38 48 18
4006.92 11 37 64 18
4012.44 11 37 67 18
4012.99 11 37 0 -1
4012.99 11 37 34 18
4014.69 14 37 334 18
4021.59 14 37 0 18
4023.29 16 36 342 18
4025.77 14 37 334 18
4031.22 14 37 0 18
4033.26 17 36 342 18
4035.21 15 37 334 18
4045.39 16 37 274 18
4046.24 16 36 343 18
4047.11 15 37 0 -1
4047.11 15 37 344 18
4048.26 15 37 0 -1
4048.26 15 37 334 18
4049.57 16 37 0 -1
4049.57 16 37 344 18
4050.57 16 37 0 -1
4050.57 16 37 274 18
4051.51 17 38 344 18
4052.74 17 36 343 18
4054.94 17 38 1316u0 18
4056.04 16 36 338 18
4056.90 17 38 1316u1 18
4057.59 16 37 0 18
4062.79 17 36 338 18
4065.34 17 38 1316u2 18
4088.89 19 38 1938 18
4114.95 16 36 496 18
4119.39 15 42 930 18
4121.92 19 42 0 18
4123.69 15 42 0 -1
4123.69 15 42 235 18
4124.49 15 42 495 18
4124.79 15 42 0 18
4131.65 11 37 0 -1
4131.65 11 37 495 18
4132.64 10 36 34 18
4141.52 13 42 0 18
4143.90 14 40 82 18
4145.82 11 42 344 18
4148.12 14 40 346 18
4149.79 15 40 0 18
4155.24 11 47 0 -1
4155.24 11 47 484 18
4156.44 11 47 0 18
4157.09 11 47 484 18
4161.17 11 47 0 18
4233.99 -3 -3 484 18
4235.17 -3 -3 0 18
4235.97 -3 -4 484 18
4237.38 -2 -4 292 18
4238.54 -1 -4 409u2 18
4239.72 -1 -4 409u1 18
4240.97 -1 -4 409u0 18
4242.32 -1 -4 408 18
4246.03 -2 -4 0 18
4246.98 -3 -4 0 18
4255.77 -6 14 484 18
4259.12 -6 14 0 18
4284.57 15 34 484 18
4291.73 14 37 126 18
4298.35 20 40 0 18
4301.30 14 37 233 18
4301.67 14 37 234 18
4304.53 16 34 33 18
4309.08 16 37 292 18
4310.78 15 36 0 -1
4310.78 15 36 126 18
4312.90 17 34 302 18
4313.50 16 34 0 18
4315.22 15 36 233 18
4316.45 15 36 234 18
4317.19 16 36 0 -1
4317.19 16 36 33 18
4319.50 15 37 0 -1
4319.50 15 37 496 18
4320.23 15 37 72 18
4320.50 15 37 0 -1
4320.50 15 37 334 18
4324.20 15 40 72 18
4327.98 16 36 0 -1
4327.98 16 36 126 18
4328.67 16 36 233 18
4328.93 16 36 234 18
4334.62 15 37 0 -1
4334.62 15 37 126 18
4335.58 16 37 0 -1
4335.58 16 37 334 18
4338.88 18 39 292 18
4342.88 15 37 233 18
4354.32 13 37 238 18
4357.08 15 40 0 -1
4357.08 15 40 288 18
4358.92 13 37 281 18
4361.38 17 35 0 18
4364.85 14 40 346 18
4368.20 13 37 282 18
4369.17 14 35 0 -1
4369.17 14 35 248 18
4370.53 15 36 0 18
4371.88 13 37 282 18
4372.98 15 36 236 18
4374.40 14 37 0 18
4375.22 13 37 282 18
4375.82 14 37 236 18
4376.37 15 37 0 18
4377.00 13 37 282 18
4377.52 15 37 235 18
4378.62 16 36 0 18
4379.65 13 37 282 18
4380.52 16 36 236 18
4382.80 11 38 0 -1
4382.80 11 38 239 18
4383.60 13 37 293 18
4387.82 14 37 0 18
4389.37 11 37 319 18
4391.22 15 36 0 18
4392.42 12 37 319 18
4396.87 15 35 0 18
4398.22 15 37 317 18
4400.23 11 36 0 18
4401.82 15 37 316 18
4403.67 16 36 0 18
4406.18 15 37 319 18
4410.48 15 38 1316u3 18
4412.01 14 40 346 18
4414.90 14 35 0 18
4416.94 14 37 248 18
4419.13 14 36 0 18
4442.53 17 20 3180u0 18
4447.03 17 20 0 18
4456.86 15 36 3180u0 18
4465.56 15 34 0 18
4471.51 10 20 484 18
4476.36 12 20 163 18
4479.05 10 20 0 18
4487.65 13 42 484 18
4489.36 12 43 391u5 18
4496.55 10 47 0 18
4497.66 10 44 1099u4 18
4500.50 10 42 382 18
4501.68 12 43 391u4 18
4514.06 16 43 0 -1
4514.06 16 43 31 18
4515.61 16 43 35 18
4516.21 16 43 0 -1
4516.21 16 43 135 18
4519.55 9 44 216 18
4522.06 10 42 0 18
4523.51 9 44 217 18
4527.05 10 42 235 18
4529.55 12 43 391u3 18
4530.56 10 42 253u0 18
4531.56 12 43 391u2 18
4532.53 10 42 253u1 18
4533.53 12 43 391u1 18
4534.46 10 42 253u2 18
4535.41 12 43 391u0 18
4536.58 10 42 253u3 18
4538.10 12 43 1135 18
4538.96 10 42 253u4 18
4540.96 11 43 391u3 18
4542.43 11 43 391u2 18
4543.38 10 42 253 18
4544.61 10 42 0 18
4548.58 17 40 253 18
4551.83 19 39 0 -1
4551.83 19 39 236 18
4552.36 19 39 264 18
4553.26 19 39 0 -1
4553.26 19 39 235 18
4554.83 17 40 0 -1
4554.83 17 40 264 18
4556.33 17 40 265 18
4556.76 17 40 0 -1
4556.76 17 40 235 18
4560.50 17 40 0 -1
4560.50 17 40 264 18
4565.35 10 42 235 18
4567.13 11 43 391u1 18
4568.36 10 42 253u0 18
4570.00 11 43 391u0 18
4571.01 10 42 253u1 18
4573.25 11 43 1135 18
4574.23 10 42 253u2 18
4575.65 10 43 391u5 18
4577.03 10 42 253u3 18
4577.58 10 43 391u4 18
4578.23 10 42 253u4 18
4578.85 10 43 391u3 18
4579.51 10 42 253 18
4579.83 10 42 0 18
4585.03 17 40 265 18
4585.48 17 40 0 -1
4585.48 17 40 235 18
4589.66 17 40 0 -1
4589.66 17 40 264 18
4597.48 10 42 235 18
4598.55 10 43 391u2 18
4599.13 10 42 253u0 18
4599.78 10 43 391u1 18
4600.36 10 42 253u1 18
4600.86 10 43 391u0 18
4601.46 10 42 253u2 18
4602.36 10 43 1135 18
4603.14 10 42 253u3 18
4604.01 9 43 391u5 18
4604.64 10 42 253u4 18
4605.64 9 43 391u4 18
4606.28 10 42 253 18
4606.83 10 42 0 18
4611.10 17 40 265 18
4611.50 17 40 0 -1
4611.50 17 40 235 18
4614.60 17 40 0 18
4619.03 10 42 235 18
4620.01 9 43 391u3 18
4622.18 9 43 391u2 18
4625.93 11 45 31 18
4628.23 16 43 0 18
4632.56 11 45 35 18
4633.33 11 45 0 -1
4633.33 11 45 135 18
4634.69 9 45 216 18
4638.20 9 43 391u1 18
4640.13 11 45 0 -1
4640.13 11 45 31 18
4640.51 11 45 35 18
4641.09 11 45 0 -1
4641.09 11 45 135 18
4642.09 9 46 216 18
4643.03 10 45 0 18
4644.19 9 47 1136 18
4644.71 9 47 213 18
4645.89 9 48 1136 18
4646.48 9 48 213 18
4647.13 10 48 1136 18
4647.56 10 48 213 18
4649.01 11 46 857u1 18
4651.53 9 43 391u0 18
4653.28 11 45 0 -1
4653.28 11 45 31 18
4653.66 11 45 35 18
4654.24 11 45 0 -1
4654.24 11 45 135 18
4663.55 10 42 2743u0 18
4665.08 10 42 0 18
4669.71 10 45 2743u0 18
4670.64 10 45 0 18
4672.73 9 47 216 18
4673.88 10 47 235 18
4676.89 9 43 1135 18
4678.64 11 45 0 -1
4678.64 11 45 31 18
4679.53 11 45 35 18
4679.91 11 45 0 -1
4679.91 11 45 135 18
4682.91 9 48 216 18
4685.83 10 44 0 18
4688.48 10 47 0 -1
4688.48 10 47 1099u4 18
4689.23 10 47 1099u3 18
4691.38 9 45 217 18
4692.71 10 47 1099u2 18
4693.38 9 46 217 18
4694.79 10 47 1099u1 18
4695.59 9 47 217 18
4696.21 10 47 1099u0 18
4697.13 9 48 217 18
4698.96 11 47 235 18
4704.78 11 34 0 18
4706.18 10 34 66 18
4724.66 22 11 2142u0 18
4726.78 23 11 2144 18
4731.08 22 11 2145 18
4733.36 20 12 2143 18
4736.68 20 12 0 18
4760.53 11 36 2144 18
4761.24 13 37 299 18
4761.99 11 36 0 -1
4761.99 11 36 127 18
4762.99 11 35 2144 18
4765.71 15 40 0 18
4767.69 13 37 305 18
4768.91 15 38 1316u2 18
4769.18 15 38 1316u3 18
4771.11 16 37 0 18
4774.01 14 42 72 18
4774.43 14 42 0 -1
4774.43 14 42 334 18
4776.64 14 40 82 18
4778.59 11 42 0 18
4780.58 14 40 346 18
4789.03 14 37 0 18
4796.08 14 40 346 18
4798.48 13 37 304 18
4799.29 14 36 248 18
4801.01 12 37 0 18
4802.29 11 38 0 -1
4802.29 11 38 319 18
4804.36 11 38 0 18
4806.25 13 37 304 18
4806.84 12 37 321 18
4807.57 11 37 0 18
4808.28 13 37 304 18
4809.53 14 37 321 18
4810.43 15 37 0 18
4811.29 13 37 304 18
4812.04 15 37 321 18
4814.48 16 37 239 18
4817.34 12 37 325 18
4818.29 10 37 0 -1
4818.29 10 37 236 18
4819.31 11 37 458 18
4819.83 12 37 235 18
4821.68 16 37 0 -1
4821.68 16 37 326 18
4822.26 16 37 0 18
4823.16 13 37 304 18
4824.68 13 36 330 18
4825.19 14 35 239 18
4826.52 13 35 0 18
4827.64 13 36 331 18
4828.43 13 36 854 18
4829.14 13 36 445 18
4829.99 13 36 444 18
4830.76 13 36 446 18
4831.44 13 36 447 18
4832.14 13 36 448 18
4832.84 13 36 499 18
4834.24 13 35 441u3 18
4850.57 13 36 291 18
4854.22 8 38 501 18
4861.29 8 37 67 18
4862.96 8 37 0 18
4869.19 15 35 67 18
4876.34 8 38 0 18
4880.29 15 35 502 18
4889.36 24 12 2142u5 18
4893.81 15 17 2144 18
4898.71 12 28 49 18
4903.31 15 36 0 -1
4903.31 15 36 61 18
4911.26 12 20 3176 18
4918.99 16 36 291 18
4921.46 17 38 1316u1 18
4922.06 15 38 1316 18
4922.61 17 38 1316u0 18
4924.49 16 38 344 18
4925.11 17 38 344 18
4925.66 16 38 1316u0 18
4926.77 16 38 344 18
4927.22 16 37 344 18
4927.81 16 38 0 18
4928.51 16 37 1316u0 18
4929.27 17 38 0 18
4929.94 16 37 1316u1 18
4931.34 14 37 325 18
4935.04 10 37 1602u0 18
4935.87 10 37 0 18
4936.29 11 37 0 -1
4936.29 11 37 1602u0 18
4940.21 14 37 235 18
4941.06 14 37 0 -1
4941.06 14 37 326 18
4943.39 12 37 1603u0 18
4944.91 15 37 325 18
4946.52 11 37 1602u1 18
4948.27 15 37 0 18
4948.91 15 37 325 18
4949.44 15 37 235 18
4950.27 14 37 1837u0 18
4950.89 15 37 0 18
4952.69 12 37 1603u1 18
4960.61 12 20 179 18
4962.74 12 20 196 18
4967.17 22 13 160 18
4968.54 24 12 2142u4 18
4973.26 22 13 0 -1
4973.26 22 13 2144 18
5004.19 12 36 0 18
5005.69 12 36 152 18
5032.62 17 43 180 18
5034.51 16 44 150u0 18
5035.32 17 43 182 18
5036.14 16 44 150u1 18
5036.72 17 43 181 18
5037.50 18 43 205 18
5038.15 17 43 0 18
5043.97 11 35 181 18
5053.15 25 13 2142u4 18
5055.15 27 14 2144 18
5057.44 25 13 2142u3 18
5073.75 11 35 0 18
5077.79 19 39 254 18
5083.32 19 39 255 18
5091.05 17 34 0 18
5093.87 15 37 302 18
5111.09 10 42 2144 18
5116.00 12 35 86 18
5118.30 14 40 1280 18
5125.97 1 29 141u3 18
5128.10 0 27 141 18
5136.04 14 40 1281 18
5141.44 14 40 1280 18
5143.79 15 40 236 18
5146.82 14 40 1281 18
5147.55 15 40 0 18
5148.12 14 40 1280 18
5152.82 17 38 1285 18
5160.04 10 37 467u3 18
5162.84 8 37 34 18
5164.92 7 38 455u2 18
5170.35 7 39 0 -1
5170.35 7 39 198 18
5183.84 9 32 1015 18
5187.05 8 32 87 18
26805.94 7 39 0 19
26828.26 18 39 0 19
26829.31 18 39 292 19
26831.11 17 40 33 19
26831.96 18 39 0 19
26851.19 5 10 1106u7 19
26863.68 13 44 1101 19
26865.29 10 45 292 19
26866.39 11 47 0 19
26868.58 13 44 1101u0 19
26870.76 12 43 393 19
26871.58 13 44 1138 19
26872.53 11 43 393 19
26873.61 13 44 0 19
26874.94 10 43 393 19
26877.09 10 44 235 19
26878.03 10 45 0 19
26893.98 5 10 1106u6 19
26911.24 13 44 1101 19
26915.96 18 39 292 19
26917.29 17 38 0 19
26919.23 17 38 236 19
26939.78 14 42 0 19
26943.38 17 39 72 19
26946.36 15 40 334 19
26952.71 10 44 0 19
26953.91 13 44 1101u0 19
26955.19 10 44 1138 19
26956.38 13 44 1138 19
26957.73 10 45 1138 19
26960.62 15 45 235 19
26963.03 11 45 0 19
26965.56 16 44 150 19
26967.50 12 44 53 19
26970.51 15 44 0 -1
26970.51 15 44 57 19
26971.46 16 45 33 19
26973.39 11 46 0 19
26975.34 10 44 1136 19
26976.89 10 44 213 19
26980.96 13 44 1136 19
26981.36 13 44 213 19
26983.71 15 45 0 -1
26983.71 15 45 857u1 19
26985.21 10 45 0 19
26986.91 9 43 393 19
26993.24 16 43 235 19
27010.37 10 36 0 19
27012.14 10 35 0 19
27013.29 10 35 560 19
27041.86 19 -56 30u4 19
27045.39 22 -58 0 19
27052.71 19 -69 39 19
27054.52 19 -69 0 19
27061.79 10 -75 806 19
27065.12 10 -75 0 19
27072.60 9 -78 53 19
27080.16 7 -80 806 19
27084.94 7 -80 0 19
27092.24 3 -81 0 19
27144.21 16 43 0 19
27147.32 10 47 1100 19
27153.02 13 43 3946 19
27154.11 14 42 235 19
27157.76 14 40 86 19
27158.67 14 41 291 19
27177.15 15 40 0 19
27178.86 15 41 334 19
27201.65 12 39 49 19
27203.74 15 40 61 19
27205.94 12 38 48 19
27208.02 11 38 64 19
27210.57 14 39 0 19
27212.79 14 36 75 19
27213.34 15 36 74 19
27215.19 12 38 48 19
27217.07 14 36 67 19
27221.59 15 40 78 19
27223.57 17 39 0 -1
27223.57 17 39 62 19
27228.80 15 40 82 19
27233.79 16 37 1316u0 19
27236.80 15 40 346 19
27240.15 11 38 0 19
27242.84 15 41 0 -1
27242.84 15 41 64 19
27244.47 15 41 72 19
27245.45 15 41 0 -1
27245.45 15 41 334 19
27248.17 18 40 247 19
27252.21 14 36 0 19
27254.69 15 40 346 19
27257.19 18 40 249 19
27258.39 17 39 0 -1
27258.39 17 39 248 19
27260.60 16 38 62 19
27275.74 18 40 250 19
27277.90 18 40 250 19
27279.77 18 40 250 19
27287.20 15 44 58 19
27288.22 15 44 0 19
27289.25 17 44 58 19
27311.04 14 36 160 19
27313.30 13 36 3179 19
27316.32 13 36 3180 19
27318.10 14 36 0 19
27319.85 13 36 0 19
27360.84 13 64 3180 19
27364.27 14 64 163 19
27365.00 13 64 0 19
27366.17 14 64 3176 19
27366.94 13 64 3180u1 19
27372.99 0 60 48 19
27419.59 23 41 107 19
27420.33 24 41 4269 19
27430.88 22 41 4270 19
27442.07 13 42 0 19
27449.57 14 63 484 19
27451.63 14 64 179 19
27456.35 14 64 196 19
27460.80 4 64 163 19
27464.38 13 64 0 19
27467.92 4 64 3176 19
27469.13 5 64 3180u0 19
27472.37 14 63 0 19
27499.92 11 66 484 19
27500.82 12 67 48 19
27502.63 11 66 0 19
27504.73 15 68 484 19
27505.58 16 67 48 19
27506.83 15 68 0 19
27508.65 20 69 484 19
27509.40 21 69 48 19
27510.25 20 69 0 19
27512.23 21 64 484 19
27520.98 21 64 0 19
27528.08 5 65 484 19
27529.57 4 64 179 19
27549.48 6 64 807 19
27550.50 4 64 196 19
27554.43 -5 64 163 19
27556.73 1 63 49 19
27559.50 5 64 0 -1
27559.50 5 64 61 19
27566.27 -5 64 3176 19
27571.02 6 64 0 -1
27571.02 6 64 291 19
27571.60 6 64 3179 19
27576.65 6 64 3180 19
27578.60 6 64 0 19
27583.22 -3 64 3180 19
27584.93 -3 64 0 19
27585.53 -3 64 3180 19
27586.47 -3 64 0 19
27587.65 -4 63 3180 19
27589.28 1 63 49 19
27591.30 3 64 61 19
27598.31 5 65 0 19
27650.60 14 39 484 19
27670.36 17 43 180 19
27672.28 16 44 150u1 19
27673.26 17 43 182 19
27674.20 16 44 150 19
27675.10 17 43 181 19
27676.01 18 43 206 19
27677.00 17 43 0 19
27679.01 18 44 181 19
27683.35 17 43 180 19
27684.30 16 44 150u1 19
27684.98 17 43 182 19
27686.35 16 44 150 19
27687.43 17 43 181 19
27689.73 19 43 183 19
27690.63 17 43 0 19
27692.91 17 45 181 19
27693.75 19 44 406 19
27695.36 17 43 132 19
27696.40 17 43 0 19
27697.26 16 43 132 19
27703.13 14 42 0 19
27706.33 18 44 0 -1
27706.33 18 44 235 19
27707.31 18 44 254 19
27707.56 18 44 0 19
27708.41 18 44 254 19
27710.28 18 44 255 19
27711.80 18 44 0 19
27715.83 20 39 255 19
27723.16 10 47 0 19
27728.68 14 36 659 19
27731.31 14 40 64 19
27732.06 14 39 0 19
27734.11 15 42 484 19
27735.26 14 42 64 19
27736.53 14 41 0 -1
27736.53 14 41 64 19
27739.96 17 43 291 19
27742.28 13 42 64 19
27742.86 15 42 0 19
27743.61 15 42 484 19
27748.55 8 37 0 19
27751.56 14 40 67 19
27752.45 14 41 67 19
27753.38 14 42 67 19
27753.98 13 42 67 19
27755.56 11 42 34 19
27756.78 13 42 0 19
27757.93 14 41 557 19
27759.08 14 42 0 19
27760.80 14 40 557 19
27771.93 18 45 0 19
27775.26 14 41 556 19
27813.89 14 41 0 -1
27813.89 14 41 462 19
27817.01 12 41 556 19
27820.24 14 41 0 19
27821.76 14 40 556 19
27823.03 14 41 462 19
27823.66 14 40 0 19
27824.73 13 40 556 19
27832.54 19 46 48 19
27837.08 18 44 64 19
27841.03 18 44 67 19
27842.48 18 44 0 19
27846.39 14 42 67 19
27855.74 15 41 0 19
27860.13 14 39 334 19
27866.06 12 37 0 19
27867.48 12 37 1603u1 19
27869.06 9 38 48 19
27879.49 10 41 64 19
27881.01 7 40 48 19
27883.63 10 42 64 19
27884.53 11 42 0 19
27885.24 10 42 67 19
27886.39 10 41 67 19
27887.56 11 42 34 19
27888.61 10 42 0 19
27889.66 10 41 557 19
27890.39 10 41 0 19
27891.16 11 41 557 19
27903.01 14 39 0 19
27904.68 12 38 340 19
27906.94 14 39 334 19
27922.29 14 39 0 19
27923.74 12 39 342 19
27926.23 14 40 334 19
27932.26 12 39 343 19
27935.74 15 40 344 19
27937.31 12 39 338 19
27938.46 15 40 1316u0 19
27940.23 12 38 341 19
27941.91 15 40 1316u1 19
27943.28 12 38 339 19
27946.49 15 40 1316u2 19
27948.66 12 38 338 19
27949.56 14 39 345 19
27952.18 13 40 0 19
27953.18 12 40 556 19
27961.69 15 35 0 19
27963.84 17 36 496 19
27967.54 12 39 496 19
27969.07 12 38 496 19
27972.54 13 36 502 19
27981.93 13 36 0 19
27985.18 10 38 496 19
27987.06 13 36 502 19
27992.71 13 41 0 19
27994.28 12 39 0 -1
27994.28 12 39 556 19
27998.12 13 40 496 19
27999.46 12 38 0 19
28001.42 13 41 496 19
28007.37 14 41 0 19
28008.49 14 41 462 19
28010.28 12 42 0 19
28012.12 14 39 1317u0 19
28017.74 8 41 45 19
28021.57 15 41 66 19
28034.07 18 36 49 19
28035.92 20 38 61 19
28036.92 21 38 49 19
28039.14 21 43 61 19
28060.02 20 34 48 19
28066.67 12 42 64 19
28069.84 12 42 67 19
28070.31 12 42 69 19
28075.39 13 41 0 19
28076.51 13 41 496 19
28077.62 15 42 0 19
28092.04 18 39 0 -1
28092.04 18 39 484 19
28093.66 17 38 0 19
28095.71 18 39 0 19
28117.76 6 10 0 -1
28117.76 6 10 484 19
28119.11 6 9 789 19
28120.71 5 10 1106u5 19
28121.57 6 10 0 19
28125.59 5 1 484 19
28126.99 3 2 48 19
28129.17 2 -1 48 19
28131.22 5 1 0 19
28137.62 10 -13 484 19
28138.34 8 -13 48 19
28139.07 8 -14 64 19
28141.07 8 -14 4062u0 19
28142.39 8 -14 64 19
28143.07 8 -14 4062u0 19
28143.51 8 -14 64 19
28144.17 8 -14 4062u0 19
28144.94 8 -14 64 19
28146.89 8 -14 0 19
28148.24 10 -13 0 19
28177.11 24 -71 484 19
28182.29 23 -69 806 19
28184.76 23 -69 0 19
28188.36 24 -71 0 19
28192.30 25 -77 484 19
28193.35 24 -76 53 19
28195.39 25 -77 0 19
28200.26 25 -82 484 19
28201.46 26 -82 0 19
28203.37 25 -82 0 19
28223.80 -13 -95 484 19
28224.87 -13 -96 53 19
28225.59 -11 -96 57 19
28231.62 -11 -96 58 19
28232.02 -11 -96 0 19
28234.29 -14 -96 54 19
28236.92 -13 -95 0 19
28246.92 -24 -82 484 19
28247.82 -23 -82 55 19
28249.22 -25 -84 57 19
28252.39 -25 -84 58 19
28254.29 -25 -84 59 19
28255.40 -25 -84 0 19
28257.10 -24 -82 0 19
28258.09 -25 -83 484 19
28259.32 -26 -82 48 19
28262.42 -24 -82 64 19
28262.94 -25 -83 0 19
28296.85 -22 -36 484 19
28298.85 -25 -35 2142u5 19
28304.39 -25 -35 2142u4 19
28309.65 -21 -35 2144 19
28333.37 -38 -34 2157 -1
28370.13 -25 -35 2142u3 19
28373.17 -20 -37 2144 19
28376.95 -22 -36 0 19
28388.17 -6 -14 484 19
28389.17 -7 -14 54 19
28392.53 -8 -14 236 19
28398.40 -8 -13 2144 19
28399.42 -8 -14 0 19
28402.05 -6 -14 0 19
28408.72 -3 5 484 19
28409.47 -2 5 55 19
28410.93 -4 3 57 19
28414.30 -4 3 58 19
28414.72 -4 3 0 19
28416.42 -3 5 0 19
28446.47 10 41 484 19
28450.42 12 42 70 19
28451.83 11 42 0 19
28453.68 12 42 71 19
28455.42 12 42 0 19
28457.15 13 41 72 19
28458.27 13 40 72 19
28460.25 15 41 72 19
28461.58 13 42 71 19
28462.95 13 41 0 19
28463.85 13 40 1599u0 19
28464.93 15 41 0 19
28466.02 13 40 1599u1 19
28470.60 10 38 0 19
28473.12 13 41 496 19
28474.18 13 42 0 19
28475.23 13 41 72 19
28476.90 13 42 71 19
28486.42 14 39 345 19
28488.08 14 39 1317u0 19
28516.85 13 43 30u4 19
28529.67 12 37 1603u0 19
28536.82 20 50 235 19
28538.47 22 50 224 19
28540.20 22 50 244 19
28546.90 12 42 225 19
28549.17 12 42 226 19
28549.67 11 42 64 19
28550.27 12 42 297 19
28551.10 10 42 227 19
28553.30 13 43 30u3 19
28558.15 20 50 0 19
28563.10 12 42 0 19
28566.56 16 45 0 -1
28566.56 16 45 245 19
28567.08 16 45 251 19
28567.58 16 45 0 -1
28567.58 16 45 33 19
28572.73 18 39 251 19
28593.72 14 42 0 19
28595.36 14 42 67 19
28596.86 13 43 30u2 19
28601.42 13 40 1599u0 19
28602.70 13 40 1599u1 19
28604.41 16 37 344 19
28605.40 16 37 1316u0 19
28606.51 17 36 0 19
28609.60 13 42 0 -1
28609.60 13 42 496 19
28610.87 13 42 72 19
28611.26 13 42 0 -1
28611.26 13 42 71 19
28612.45 13 40 1599u2 19
28613.30 13 41 0 19
28613.78 13 40 1599u3 19
28616.55 13 36 0 19
28619.06 11 40 496 19
28620.71 11 39 502 19
28622.03 11 40 0 19
28623.35 13 41 496 19
28625.91 11 39 0 19
28627.48 9 41 496 19
28628.25 11 40 502 19
28629.10 9 41 0 19
28630.13 13 41 4067u0 19
28631.78 13 41 496 19
28632.63 13 42 0 -1
28632.63 13 42 496 19
28633.85 13 42 72 19
28634.45 13 41 72 19
28635.11 12 42 71u3 19
28635.56 13 42 0 19
28637.33 13 40 1599 19
28639.73 13 43 30u1 19
28648.66 13 43 30u0 19
28649.87 13 43 279 19
28658.51 13 42 64 19
28660.80 10 42 0 -1
28660.80 10 42 64 19
28661.95 9 42 227 19
28664.06 10 42 67 19
28664.48 11 42 67 19
28665.76 13 42 67 19
28668.11 13 42 0 19
28669.13 11 42 557 19
28669.68 11 42 0 19
28673.10 12 38 557 19
28693.98 13 38 1254 19
28695.73 13 38 0 19
28697.68 17 36 852 19
28699.26 18 36 49 19
28701.78 17 40 0 -1
28701.78 17 40 61 19
28704.95 17 36 487 19
28708.08 13 36 33 19
28708.71 14 36 0 19
28718.35 10 47 1101 19
28719.00 11 46 292 19
28722.18 10 41 0 19
28731.51 14 36 484 19
28732.45 12 37 235 19
28734.35 14 36 0 19
28752.66 23 12 484 19
28753.88 24 12 2142u3 19
28756.20 22 13 2144 19
28757.40 24 12 2142u2 19
28758.99 21 12 2144 19
28759.55 23 12 0 19
28775.31 14 34 0 -1
28775.31 14 34 484 19
28776.13 14 34 0 19
28776.49 13 34 0 -1
28776.49 13 34 484 19
28777.24 13 34 0 19
28779.31 16 38 484 19
28781.69 16 37 1316u1 19
28783.21 16 37 1316u2 19
28784.70 16 38 0 19
28801.48 -3 64 484 19
28803.71 -5 64 179 19
28805.68 -5 64 196 19
28808.93 -3 64 0 19
28819.29 -1 81 484 19
28822.29 -2 80 659 19
28825.16 0 80 662u2 19
28826.28 -2 80 1099u0 19
28826.74 0 80 662u2 19
28828.89 -2 80 1099u1 19
28829.58 0 80 662u2 19
28830.09 -2 80 1099u2 19
28830.66 0 80 662u2 19
28831.33 -2 80 1099u3 19
28831.81 0 80 662u2 19
28832.34 -2 80 1099u4 19
28832.84 0 80 662u2 19
28833.43 -2 80 1099u5 19
28833.94 0 80 662u2 19
28834.53 -2 80 1099u6 19
28835.03 0 80 662u2 19
28835.88 -2 80 1099u7 19
28836.54 0 80 662u2 19
28837.76 -2 80 1099 19
28839.13 0 80 662u2 19
28839.93 -2 80 660 19
28841.11 0 80 662u2 19
28847.03 -1 79 382 19
28847.60 -2 80 0 19
28849.56 -1 81 0 19
28864.81 15 48 484 19
28872.01 15 44 660 19
28880.93 12 37 0 19
28889.36 10 47 1101u0 19
28890.79 11 48 1138 19
28892.79 10 47 1138 19
28895.44 12 44 1138 19
28897.48 16 45 0 -1
28897.48 16 45 235 19
28907.41 16 46 33 19
28911.58 9 44 391u5 19
28914.34 9 44 391u4 19
28921.08 15 45 0 19
28927.08 11 48 1136 19
28927.78 11 48 213 19
28932.29 15 46 857u0 19
28950.92 16 44 150u1 19
28961.79 10 45 135 19
28963.83 9 44 391u3 19
28965.09 11 45 31 19
28966.12 9 44 391u2 19
28967.21 10 45 0 -1
28967.21 10 45 31 19
28967.91 10 45 35 19
28968.98 11 45 35 19
28969.62 11 45 0 -1
28969.62 11 45 135 19
28971.96 11 48 216 19
28974.41 10 45 0 19
28975.81 10 48 216 19
28978.84 9 44 391u1 19
28980.28 9 44 391u0 19
28982.27 9 44 1135 19
28989.26 18 44 180 19
28989.91 16 44 150u0 19
28990.79 18 44 182 19
28992.01 16 44 150u1 19
28993.11 18 44 181 19
28994.62 19 43 204 19
29013.92 -1 79 0 19
29029.52 10 48 217 19
29030.42 11 47 235 19
29035.22 15 44 0 19
29037.69 11 47 0 -1
29037.69 11 47 660 19
29038.49 11 47 1099 19
29039.59 11 48 217 19
29041.06 11 47 1099u7 19
29042.81 12 48 217 19
29043.91 11 47 1099u6 19
29045.02 13 48 217 19
29059.61 11 47 1099u5 19
29065.41 18 39 252 19
29070.96 13 42 235 19
29073.92 9 45 391u5 19
29076.14 9 45 391u4 19
29084.04 18 39 0 -1
29084.04 18 39 236 19
29084.87 18 39 264 19
29085.31 18 39 0 -1
29085.31 18 39 252u2 19
29088.27 18 39 0 -1
29088.27 18 39 236 19
29088.74 18 39 264 19
29089.19 18 39 0 -1
29089.19 18 39 252u1 19
29092.06 18 39 0 -1
29092.06 18 39 236 19
29093.39 18 39 264 19
29094.82 18 39 0 -1
29094.82 18 39 252u0 19
29102.12 18 44 0 19
29104.06 16 45 254 19
29104.69 16 45 0 19
29109.67 17 40 254 19
29117.69 17 40 255 19
29120.91 19 39 0 -1
29120.91 19 39 264 19
29121.49 19 39 270 19
29122.17 19 39 0 -1
29122.17 19 39 235 19
29126.29 17 40 0 -1
29126.29 17 40 264 19
29128.02 17 40 270 19
29128.59 17 40 0 -1
29128.59 17 40 235 19
29132.47 20 39 0 -1
29132.47 20 39 264 19
29133.24 20 39 270 19
29134.87 17 40 1603u0 19
29136.37 20 39 0 19
29139.24 19 39 0 19
29141.15 17 40 1603u1 19
29148.07 17 45 0 19
29153.34 17 38 181 19
29155.65 19 39 236 19
29156.42 18 39 0 19
29157.04 19 39 264 19
29157.84 18 39 235 19
29159.14 17 38 0 19
29160.55 18 39 254 19
29162.87 18 39 255 19
29164.21 18 39 0 19
29164.75 19 39 270 19
29165.39 18 39 235 19
29169.69 19 40 0 19
29171.00 19 40 292 19
29172.65 17 40 0 19
29174.04 20 40 1603u1 19
29178.92 15 38 1316u3 19
29181.59 14 36 344 19
29187.50 9 45 391u3 19
29191.42 9 45 391u2 19
29199.65 13 42 0 19
29203.64 12 44 0 19
29205.65 9 44 393 19
29211.57 11 47 1099u4 19
29215.25 13 43 3946 19
29217.25 10 45 235 19
29217.79 12 45 55 19
29220.99 15 45 57 19
29222.05 12 45 55 19
29222.67 13 45 214 19
29223.45 12 45 55 19
29224.11 13 44 214 19
29224.75 12 45 55 19
29225.99 11 44 214 19
29227.45 12 45 55 19
29229.17 10 44 214 19
29231.77 9 45 391u1 19
29239.57 18 36 49 19
29243.75 17 38 61 19
29250.42 15 36 0 19
29255.14 17 39 75 19
29256.27 17 40 74 19
29258.80 20 34 48 19
29262.72 17 39 67 19
29264.02 17 38 78 19
29268.29 15 36 62 19
29271.40 13 41 0 19
29274.10 17 38 82 19
29276.35 14 36 0 19
29278.30 17 38 346 19
29282.37 9 45 391u0 19
29290.32 14 37 326 19
29295.95 14 37 1837u0 19
29298.04 13 40 1599u3 19
29300.19 18 40 247 19
29301.17 17 39 0 19
29302.00 17 38 346 19
29303.22 18 40 249 19
29303.85 17 39 248 19
29321.94 18 40 250 19
29323.15 18 40 250 19
29324.40 18 40 250 19
29325.97 19 39 0 19
29326.70 18 40 250 19
29328.29 19 39 274 19
29330.62 18 39 0 19
29331.63 20 40 1603u2 19
29338.52 9 45 1135 19
29354.10 10 45 0 19
29359.82 1 51 511u2 19
29372.18 13 45 215 19
29374.05 10 46 235 19
29376.25 9 46 391u5 19
29382.12 10 46 0 19
29384.35 10 47 0 19
29386.23 10 45 1138 19
29387.22 10 46 235 19
29412.15 17 40 0 19
29413.10 18 39 74 19
29419.47 14 39 345 19
29420.54 13 41 345 19
29425.38 7 35 0 19
29429.25 13 41 468 19
29431.17 9 36 0 19
29432.65 9 35 0 -1
29432.65 9 35 134 19
29433.58 9 36 207 19
29435.65 10 37 0 19
29438.07 13 41 469 19
29439.00 13 42 467u3 19
29441.65 13 41 470 19
29442.25 13 41 0 -1
29442.25 13 41 463 19
29445.55 17 40 470 19
29457.03 17 44 59 19
29458.62 17 44 0 19
29463.60 17 40 434 19
29465.42 19 40 0 19
29468.77 20 40 0 19
29471.60 18 39 0 19
29480.63 18 39 34 19
29483.03 19 40 198 19
29488.32 23 41 0 19
29489.32 23 41 107 19
29507.33 9 46 391u4 19
29510.70 10 46 0 19
29511.45 10 45 0 19
29512.75 9 45 393 19
29513.93 10 45 235 19
29526.10 16 37 1316u1 19
29526.77 17 38 346 19
29534.42 16 37 1316u0 19
29537.98 16 37 1316u1 19
29548.86 31 31 87 19
75416.42 15 42 f898 -1
75416.42 15 43 f898 -1
75416.42 15 44 f898 -1
75416.42 15 45 f898 -1
75432.25 19 39 0 20
75433.45 19 39 274 20
75434.34 19 40 0 20
75436.47 19 39 0 20
75440.20 16 37 1316u0 20
75441.67 17 38 346 20
75459.40 22 39 242 20
75465.65 23 41 0 -1
75465.65 23 41 223 20
75467.13 22 40 107 20
75470.40 22 40 0 20
75471.42 22 41 107 20
75472.49 21 38 49 20
75486.59 17 35 61 20
75490.25 19 34 49 20
75491.88 20 33 61 20
75492.94 20 34 48 20
75497.99 14 36 64 20
75500.82 18 39 0 20
75503.49 14 36 67 20
75504.35 15 35 34 20
75505.07 14 36 0 20
75532.13 12 37 67 20
75534.37 9 38 48 20
75535.88 10 38 64 20
75538.70 7 40 48 20
75542.25 10 37 64 20
75553.62 15 35 0 20
75566.23 10 38 67 20
75567.47 10 37 67 20
75569.43 10 37 0 20
75570.80 12 37 557 20
75572.12 10 38 0 20
75574.57 12 36 0 -1
75574.57 12 36 67 20
75578.62 11 38 152 20
75580.17 9 37 0 20
75584.90 15 36 292 20
75589.08 7 38 0 20
75591.18 6 38 0 20
75596.08 14 36 473 20
75601.80 15 48 0 20
75610.32 7 37 861 20
75611.43 7 37 0 20
75613.02 7 37 861 20
75616.47 7 37 0 20
75622.63 7 36 861 20
75623.37 6 36 472u0 20
75624.30 6 36 0 20
75625.57 5 36 0 20
75627.42 4 36 0 20
75632.03 15 35 461u3 20
75635.03 7 36 0 20
75640.38 19 39 861 20
75642.68 18 39 684 20
75644.43 19 38 473 20
75646.08 18 38 473 20
75646.80 19 39 0 20
75651.70 6 35 0 -1
75651.70 6 35 861 20
75652.82 6 35 0 20
75653.55 5 35 0 -1
75653.55 5 35 861 20
75654.37 5 35 0 20
75657.80 10 35 0 -1
75657.80 10 35 861 20
75658.78 10 35 0 20
75659.23 9 35 0 -1
75659.23 9 35 861 20
75665.18 16 38 134 20
75670.38 9 36 0 20
75672.75 13 34 207 20
75674.58 11 36 0 20
75677.35 13 38 127 20
75679.51 10 39 0 20
75682.43 11 36 33 20
75688.27 9 35 0 20
75690.23 16 34 861 20
75696.93 14 34 560 20
75698.10 15 34 852 20
75700.50 17 35 135 20
75701.43 16 34 0 20
75704.81 19 40 861 20
75707.76 16 37 344 20
75710.05 17 38 346 20
75712.75 15 38 1316u2 20
75720.46 15 40 1316u3 20
75725.96 18 36 49 20
75742.88 19 38 0 -1
75742.88 19 38 61 20
75743.95 19 38 0 -1
75743.95 19 38 473 20
75747.10 19 39 61 20
75792.08 14 40 0 20
75798.91 19 38 0 -1
75798.91 19 38 334 20
75801.33 19 39 0 -1
75801.33 19 39 473 20
75810.33 19 38 0 20
75811.63 21 38 342 20
75815.48 24 38 334 20
75822.66 24 38 0 20
75824.28 23 38 342 20
75831.26 19 38 334 20
75833.30 20 39 236 20
75838.93 20 40 292 20
75847.01 19 38 0 20
75849.01 18 36 342 20
75851.75 19 38 334 20
75860.51 19 38 0 20
75861.83 21 37 342 20
75870.11 20 38 334 20
75874.03 20 38 0 20
75876.64 23 36 342 20
75885.93 18 37 334 20
75890.96 18 37 0 20
75894.33 20 35 342 20
75912.00 21 36 334 20
75913.61 18 36 343 20
75917.19 17 37 344 20
75918.19 18 36 338 20
75920.01 19 37 344 20
75921.44 21 37 343 20
75922.20 20 37 344 20
75923.36 21 38 343 20
75927.08 21 36 0 -1
75927.08 21 36 344 20
75929.44 19 38 334 20
75931.03 21 37 338 20
75933.59 21 35 344 20
75935.89 23 36 343 20
75941.98 22 35 344 20
75942.96 23 36 338 20
75944.33 23 35 344 20
75947.21 23 38 343 20
75950.43 24 35 344 20
75952.99 23 38 338 20
75956.43 24 36 344 20
75958.36 21 38 338 20
75959.71 24 37 344 20
75976.11 20 39 0 -1
75976.11 20 39 160 20
75990.21 11 40 0 20
75995.43 21 37 496 20
75999.14 21 38 496 20
75999.83 23 38 496 20
76002.68 18 36 496 20
76006.23 23 36 496 20
76007.68 22 38 502u3 20
76009.78 23 38 0 20
76010.46 24 38 496 20
76012.96 21 38 0 20
76014.56 24 39 496 20
76020.76 20 34 48 20
76027.81 20 36 62 20
76030.28 18 36 0 20
76034.83 24 40 496 20
76041.94 14 39 0 20
76043.18 14 39 345 20
76044.23 13 40 1599u2 20
76048.01 17 38 82 20
76049.21 15 38 1316u1 20
76050.06 17 38 346 20
76067.61 19 38 0 20
76070.49 24 41 342 20
76073.99 21 40 334 20
76075.51 24 41 343 20
76076.38 23 41 344 20
76077.86 24 41 338 20
76086.61 22 41 0 -1
76086.61 22 41 344 20
76087.47 23 40 107 20
76096.07 22 38 0 20
76098.61 24 41 496 20
76108.92 19 38 502u3 20
76110.96 16 38 0 20
76112.82 21 38 134 20
76116.21 23 40 0 20
76125.66 21 39 107 20
76132.46 19 34 49 20
76138.62 18 37 61 20
76158.71 19 38 0 20
76170.21 31 26 503 20
76171.81 29 27 503 20
76192.06 15 6 503 20
76193.26 14 7 503 20
76201.19 25 -2 503 20
76203.06 27 -3 503 20
76204.84 30 -4 503 20
76214.67 26 -6 503 20
76217.02 24 -10 503 20
76220.97 21 -15 503 20
76222.44 23 -17 503 20
76224.12 22 -18 503 20
76246.62 15 47 502u0 20
76249.60 15 40 1316u2 20
76256.35 15 40 1316u3 20
76293.29 13 42 0 20
76301.30 15 38 1316u0 20
76302.69 17 38 346 20
76310.45 19 40 0 20
76321.87 30 33 0 -1
76321.87 30 33 861 20
76322.69 30 33 0 20
76329.09 28 27 861 20
76334.57 29 27 508u2 20
76338.32 29 27 546u2 20
76339.85 29 27 506 20
76340.20 29 27 882u2 20
76342.74 29 27 883u2 20
76344.40 29 27 881 20
76345.79 28 27 0 20
76346.24 29 27 0 -1
76346.24 29 27 861 20
76347.10 29 27 0 20
76348.24 30 26 861 20
76355.84 31 26 508u2 20
76357.77 31 26 546u2 20
76359.25 31 26 506 20
76359.57 31 26 882u2 20
76360.97 31 26 883u2 20
76364.92 31 26 881 20
76367.34 30 26 0 20
76367.84 31 26 0 -1
76367.84 31 26 861 20
76368.90 31 26 0 20
76391.45 5 1 861 20
76396.30 5 0 291 20
76397.82 5 1 0 20
76400.55 5 1 861 20
76402.62 2 -1 48 20
76405.00 6 0 64 20
76407.10 3 2 48 20
76427.38 11 7 0 20
76433.09 9 1 291 20
76437.02 9 1 0 20
76437.69 9 0 291 20
76443.05 6 0 67 20
76443.58 6 0 69 20
76443.95 6 0 107 20
76453.77 5 1 0 20
76463.02 20 2 0 -1
76463.02 20 2 861 20
76470.23 6 0 486 20
76472.40 7 1 33 20
76477.53 20 2 0 20
76499.82 20 38 861 20
76507.93 20 38 0 20
76520.28 19 38 861 20
76522.67 21 39 0 20
76527.38 16 37 0 -1
76527.38 16 37 107 20
76528.72 16 37 0 -1
76528.72 16 37 344 20
76530.10 16 38 107 20
76533.55 13 36 0 20
76535.97 16 38 486 20
76537.40 16 38 108 20
76537.97 16 38 109 20
76540.73 18 37 33 20
76549.55 16 38 886 20
76551.02 16 37 0 -1
76551.02 16 37 107 20
76553.42 17 38 346 20
76555.53 18 37 0 20
76557.87 16 37 486 20
76558.70 16 37 108 20
76559.20 16 37 109 20
76559.67 16 37 110 20
76561.03 18 37 33 20
76565.80 16 37 885 20
76566.65 17 37 0 -1
76566.65 17 37 107 20
76568.10 18 37 0 -1
76568.10 18 37 344 20
76568.73 17 37 486 20
76569.33 17 37 108 20
76574.32 18 37 0 -1
76574.32 18 37 33 20
76577.85 15 38 1316u1 20
76585.93 10 35 64 20
76592.07 10 35 67 20
76593.78 10 35 0 20
76594.77 12 36 557 20
76613.88 6 37 0 20
76617.15 13 36 191 20
76633.72 19 40 236 20
76634.42 19 38 0 20
76646.67 27 19 0 -1
76646.67 27 19 861 20
76648.12 27 19 0 20
76648.86 26 20 0 -1
76648.86 26 20 861 20
76649.81 26 20 0 20
76651.68 23 21 0 -1
76651.68 23 21 861 20
76652.73 23 21 0 20
76663.83 9 1 861 20
76665.38 8 0 291 20
76667.16 7 0 291 20
76670.18 6 0 0 20
76670.18 6 0 f1596 20
76674.23 8 1 107 20
76674.96 9 1 0 20
76675.56 8 1 0 -1
76675.56 8 1 861 20
76676.16 9 1 107 20
76676.63 8 1 0 20
76679.48 15 -2 0 -1
76679.48 15 -2 861 20
76680.50 15 -2 0 20
76681.45 18 -3 0 -1
76681.45 18 -3 861 20
76682.46 18 -3 0 20
76686.61 25 -6 861 20
76693.48 26 -6 508u2 20
76694.60 26 -6 546u2 20
76695.60 26 -6 506 20
76696.08 26 -6 882u2 20
76697.31 26 -6 883u2 20
76699.20 26 -6 881 20
76700.73 25 -6 0 20
76701.16 26 -6 0 -1
76701.16 26 -6 861 20
76702.00 26 -6 0 20
76709.35 11 1 861 20
76713.13 9 1 0 -1
76713.13 9 1 291 20
76713.88 9 2 107 20
76715.53 11 1 0 20
76715.88 11 1 861 20
76719.31 9 2 0 -1
76719.31 9 2 291 20
76721.05 10 2 107 20
76731.43 11 1 0 20
76732.30 10 3 861 20
76734.75 10 3 0 20
76748.41 13 42 861 20
76749.65 13 43 30u4 20
76751.41 13 43 30u3 20
76752.91 13 43 30u2 20
76760.23 14 42 0 20
76763.78 10 42 557 20
76764.35 10 42 0 20
76767.60 11 36 0 -1
76767.60 11 36 557 20
76773.38 13 42 0 20
76778.20 20 38 861 20
76782.76 17 37 887 20
76787.10 19 37 0 -1
76787.10 19 37 107 20
76788.86 18 37 0 -1
76788.86 18 37 344 20
76789.86 19 37 486 20
76790.45 19 37 108 20
76791.80 19 37 109 20
76792.86 19 37 110 20
76794.45 19 37 622 20
76795.26 19 37 107 20
76795.95 19 37 486 20
76796.73 19 37 108 20
76798.45 19 38 33 20
76799.26 18 37 0 20
76801.33 18 36 344 20
76804.00 17 36 1254 20
76806.16 18 36 0 20
76806.68 17 36 0 -1
76806.68 17 36 344 20
76807.96 17 35 0 -1
76807.96 17 35 852 20
76809.33 16 34 135 20
76820.50 19 38 0 20
76822.60 17 35 487 20
76825.48 17 34 33 20
76837.21 13 40 1599u1 20
76847.26 18 35 72 20
76849.44 17 35 1254 20
76851.66 19 34 49 20
76854.18 18 34 61 20
76856.81 18 35 0 20
76857.86 17 35 0 -1
76857.86 17 35 72 20
76866.69 19 36 852 20
76868.34 17 34 0 20
76870.34 19 36 487 20
76873.94 19 38 33 20
76880.45 13 40 1599u0 20
76884.94 17 38 82 20
76886.16 17 39 0 20
76888.49 17 38 82 20
76890.36 17 35 82 20
76895.84 17 34 248 20
76896.88 16 35 4222 20
76900.04 16 33 4223 20
76901.26 17 36 0 20
76901.88 17 35 346 20
76905.98 19 38 661u0 20
76906.36 20 38 0 20
76912.43 12 45 861 20
76914.04 11 47 0 20
76918.26 13 42 1099u4 20
76919.13 13 43 30u1 20
76920.23 13 43 30u0 20
76921.51 13 43 279 20
76924.41 10 45 0 20
76926.98 13 42 1099u3 20
76928.21 13 43 3946 20
76929.19 13 42 1099u2 20
76931.84 13 44 215 20
76933.56 13 42 1099u1 20
76935.18 11 44 215 20
76936.38 13 42 1099u0 20
76938.41 10 44 215 20
76959.73 21 39 235 20
76980.53 22 39 224 20
76982.69 22 39 244 20
76984.16 22 38 225 20
76993.21 8 27 99 20
76995.39 10 28 96 20
76997.68 7 29 45 20
77004.37 22 38 226 20
77005.29 23 38 66 20
77006.01 22 38 297 20
77006.78 23 39 227 20
77009.26 21 39 0 20
77010.69 22 38 0 20
77011.68 21 39 245 20
77013.33 19 38 33 20
77014.56 21 39 251 20
77015.89 20 38 33 20
77039.57 13 42 0 20
77047.49 22 40 1099u0 20
77052.96 23 40 1603u2 20
77053.76 23 40 1603u1 20
77054.39 22 40 1100 20
77055.62 21 39 252 20
77056.67 23 40 1603u2 20
77059.71 21 37 0 20
77060.94 21 37 496 20
77071.97 21 39 0 -1
77071.97 21 39 236 20
77073.24 21 39 264 20
77073.56 21 39 0 -1
77073.56 21 39 252u2 20
77075.26 21 39 0 -1
77075.26 21 39 236 20
77076.92 21 39 264 20
77077.26 21 39 0 -1
77077.26 21 39 252u1 20
77079.22 21 39 0 -1
77079.22 21 39 236 20
77081.36 21 39 264 20
77082.59 19 40 264 20
77083.81 21 39 0 -1
77083.81 21 39 235 20
77096.36 9 46 391u3 20
77098.44 9 46 391u2 20
77100.84 9 46 391u1 20
77104.01 11 46 0 20
77114.36 4 35 411u6 20
77122.71 10 45 1101 20
77127.04 10 46 292 20
77134.06 21 39 0 20
77136.56 22 40 0 20
77139.02 20 38 0 -1
77139.02 20 38 659 20
77151.32 21 39 455u2 20
77152.04 20 38 0 20
77170.61 -2 80 659 20
77173.67 0 80 662u2 20
77174.84 -2 80 1099u0 20
77175.37 0 80 662u2 20
77176.12 -2 80 1099u1 20
77176.64 0 80 662u2 20
77177.34 -2 80 1099u2 20
77177.92 0 80 662u2 20
77178.59 -2 80 1099u3 20
77179.26 0 80 662u2 20
77180.01 -2 80 1099u4 20
77180.57 0 80 662u2 20
77181.19 -2 80 1099u5 20
77181.74 0 80 662u2 20
77182.36 -2 80 1099u6 20
77182.91 0 80 662u2 20
77183.61 -2 80 1099u7 20
77184.22 0 80 662u2 20
77184.90 -2 80 1099 20
77185.50 0 80 662u2 20
77186.11 -2 80 660 20
77187.96 0 80 662u2 20
77198.40 6 95 382 20
77199.89 5 95 279 20
77202.42 6 95 0 20
77203.36 5 95 3946 20
77220.79 -2 80 0 20
77241.14 17 39 660 20
77248.22 20 52 49 20
77263.50 36 90 61 20
77267.90 36 89 806 20
77273.74 38 88 34 20
77275.87 36 89 0 20
77278.27 38 88 0 20
77288.85 42 97 39 20
77290.32 43 98 39 20
77293.04 42 97 0 20
77299.89 43 98 0 20
77335.55 14 41 0 -1
77335.55 14 41 40 20
77336.59 11 41 556 20
77339.17 12 38 556 20
77339.70 12 37 556 20
77340.82 12 36 556 20
77342.47 11 36 556 20
77345.62 11 39 462u3 20
77356.49 14 41 0 20
77361.42 22 38 40 20
77366.42 23 40 1603u3 20
77370.53 22 38 0 20
77375.80 22 38 40 20
77379.82 22 40 467u3 20
77388.60 20 38 33 20
77389.88 20 39 0 20
77396.88 22 38 0 20
77402.05 11 36 0 20
77405.35 11 36 556 20
77408.12 10 34 0 20
77409.10 10 34 66 20
77428.10 9 1 0 20
77428.62 8 1 291 20
77430.62 9 0 0 20
77431.97 8 2 291 20
77432.83 9 2 0 20
77435.15 8 3 291 20
77437.30 10 2 0 20
77438.38 8 3 0 -1
77438.38 8 3 107 20
77439.40 8 3 0 -1
77439.40 8 3 291 20
77440.10 8 4 107 20
77469.07 17 43 0 20
77495.93 11 46 291 20
77497.53 9 46 391u0 20
77500.57 9 46 1135 20
77507.07 12 37 0 20
77508.13 12 37 556 20
77509.47 11 38 0 20
77523.65 2 47 1329 20
77524.63 1 48 151 20
77526.67 2 47 1331 20
77528.83 1 48 0 -1
77528.83 1 48 148 20
77530.08 1 48 0 -1
77530.08 1 48 151 20
77530.70 1 48 0 -1
77530.70 1 48 148 20
77531.52 1 48 0 20
77532.47 1 48 152 20
77533.43 2 47 1332 20
77534.58 1 47 1335 20
77538.95 1 48 0 20
77546.55 10 47 152 20
77548.37 9 47 391u5 20
77550.20 9 47 391u4 20
77555.27 12 39 0 20
77556.68 12 39 556 20
77559.97 14 34 0 20
77566.73 8 46 406 20
77569.03 11 47 132 20
77569.67 10 46 0 20
77574.80 1 48 292 20
77577.60 2 47 1340 20
77579.52 2 47 1340u3 20
77580.92 2 47 1340u2 20
77583.01 2 47 1340u1 20
77586.05 1 48 0 20
77597.67 20 39 292 20
77606.48 22 38 1342 20
77609.80 22 37 1342 20
77615.23 23 37 1342 20
77617.51 20 39 0 20
77636.83 1 47 292 20
77637.55 2 47 1340u0 20
77638.63 2 47 1343 20
77639.70 1 47 0 20
77648.05 10 46 292 20
77649.78 9 47 391u3 20
77654.03 9 47 391u2 20
77656.56 10 46 0 20
77664.00 22 38 0 -1
77664.00 22 38 292 20
77671.81 17 34 0 20
77679.11 17 36 67 20
77682.10 19 34 49 20
77683.16 17 35 61 20
77688.91 13 40 72 20
77692.88 17 34 72 20
77701.96 16 35 4235 20
77703.71 16 35 0 20
77705.56 16 35 4235 20
77706.58 16 35 0 20
77714.38 10 46 4235 20
77715.71 9 47 391u1 20
77731.80 23 40 1603u2 20
77737.20 10 45 1101u0 20
77738.10 9 46 393 20
77741.33 12 47 235 20
77744.06 11 47 0 20
77756.16 12 42 0 -1
77756.16 12 42 132 20
77757.85 12 42 72 20
77758.38 12 42 0 -1
77758.38 12 42 71u2 20
77762.89 13 40 1599u0 20
77771.48 13 43 30u4 20
77778.88 13 43 30u3 20
77785.19 19 38 0 20
77786.73 19 38 33 20
77791.43 17 39 0 20
77792.28 17 39 660 20
77797.81 17 36 75 20
77798.79 18 36 74 20
77801.86 20 34 48 20
77806.23 17 36 67 20
77809.63 16 35 77 20
77811.01 19 34 49 20
77811.94 17 35 61 20
77812.96 16 35 0 20
77813.53 17 35 78 20
77814.08 16 35 62 20
77814.78 17 34 0 20
77818.56 17 35 82 20
77820.58 20 35 343 20
77824.83 17 35 346 20
77825.89 20 35 338 20
77829.59 17 34 344 20
77838.56 13 40 72 20
77842.94 18 40 247 20
77846.68 17 36 0 20
77847.34 17 35 346 20
77851.44 18 40 249 20
77854.44 17 36 248 20
77857.84 23 40 1603u1 20
77860.06 22 37 0 -1
77860.06 22 37 235 20
77860.56 22 37 1354 20
77860.84 22 37 0 20
77862.91 20 39 1354 20
77874.06 9 47 391u0 20
77875.69 9 47 1135 20
77887.08 17 44 34 20
77894.58 22 37 160 20
77896.06 22 36 560 20
77903.73 18 37 198 20
77912.09 17 44 0 20
77936.31 6 95 34 20
77937.49 5 95 30u4 20
77939.74 6 95 0 20
77963.76 1 143 716 20
77981.56 -11 169 34 20
77982.91 -11 170 30u4 20
77986.24 -10 167 54 20
77989.51 -16 169 57 20
77991.31 -18 170 53 20
77992.58 -16 169 58 20
77995.14 -16 169 0 20
78017.61 -36 190 58 20
78019.17 -36 189 30u4 20
78022.57 -36 190 0 20
78061.09 -25 203 58 20
78061.69 -26 203 0 20
78063.64 -25 203 0 20
78085.29 -47 196 58 20
78085.94 -45 196 53 20
78118.07 -41 203 57 20
78118.72 -42 203 53 20
78119.52 -41 203 58 20
78121.15 -41 203 0 20
78125.71 -47 196 59 20
78128.24 -47 196 0 20
78132.59 -57 197 59 20
78133.64 -58 197 30u4 20
78135.64 -57 197 0 20
78165.35 -40 176 87 20
78165.35 -41 176 59 20
78184.84 8 0 0 21
78186.42 8 0 291 21
78200.50 19 -17 0 21
78201.47 17 -17 1836u0 21
78202.80 17 -17 291 21
78213.27 2 0 291 21
78217.50 8 2 0 21
78218.84 8 2 291 21
78231.29 8 29 99 21
78243.44 6 1 96 21
78245.45 7 1 0 21
78247.47 6 1 0 -1
78247.47 6 1 33 21
78247.85 5 1 96 21
78249.60 8 0 0 21
78250.54 7 1 291 21
78251.45 8 1 0 21
78252.90 7 3 291 21
78255.50 8 2 0 21
78257.04 7 4 291 21
78257.60 8 3 0 21
78258.57 7 4 1836u0 -1
78259.84 7 4 291 21
78261.20 8 2 291 21
78262.94 8 4 0 21
78263.50 7 4 0 -1
78263.50 7 4 107 21
78264.25 7 4 0 -1
78264.25 7 4 291 21
78265.00 7 5 107 21
78279.12 20 39 0 21
78282.47 17 35 85 21
78287.29 23 37 0 -1
78287.29 23 37 235 21
78287.63 23 37 1354 21
78287.92 23 37 0 21
78290.60 17 35 85 21
78295.13 20 39 1355 21
78356.85 -12 159 49 21
78359.88 -15 163 61 21
78365.25 -13 170 30u4 21
78369.73 -11 169 0 21
78404.48 43 180 123 21
78406.52 44 175 123 21
78407.32 45 176 34 21
78408.08 44 175 122 21
78408.60 44 177 124 21
78410.42 43 180 122 21
78412.53 44 177 292 21
78412.75 44 177 0 21
78413.58 45 176 0 -1
78413.58 45 176 292 21
78415.77 45 176 0 21
78421.25 38 167 292 21
78421.98 39 167 0 21
78424.05 38 167 0 21
78425.68 41 169 292 21
78426.55 42 169 53 21
78427.30 41 169 0 21
78430.08 36 167 292 21
78431.22 36 167 0 21
78431.90 36 167 292 21
78433.82 35 167 806 21
78434.68 36 167 0 21
78435.30 36 167 292 21
78435.78 35 167 0 21
78436.52 36 167 0 21
78464.08 4 169 292 21
78464.99 5 169 53 21
78465.75 5 168 57 21
78469.88 5 168 58 21
78470.13 5 168 0 21
78471.82 4 169 0 21
78476.72 7 175 292 21
78478.08 8 175 0 21
78479.35 7 175 0 21
78509.86 -47 183 292 21
78511.95 -46 183 806 21
78513.00 -46 183 0 21
78514.42 -47 183 0 21
78526.01 -42 176 292 21
78527.16 -41 176 0 21
78532.33 -42 176 0 21
78542.48 -55 191 292 21
78543.06 -56 192 53 21
78544.46 -57 190 57 21
78545.46 -58 190 53 21
78546.08 -57 190 58 21
78546.43 -57 190 0 21
78547.68 -54 190 58 21
78551.53 -54 190 59 21
78552.33 -54 190 0 21
78554.15 -55 191 0 21
78624.31 11 47 292 21
78625.35 12 47 0 21
78626.90 10 45 1138 21
78627.98 9 47 393 21
78629.06 12 47 235 21
78629.95 10 47 0 21
78657.66 1 37 1329 21
78658.80 4 36 151 21
78660.31 1 37 1331 21
78662.26 7 35 148 21
78665.28 1 37 1332 21
78667.13 3 36 1335 21
78669.05 4 36 0 21
78671.31 7 35 0 21
78677.81 16 35 152 21
78685.25 20 39 0 21
78686.73 20 39 235 21
78688.10 18 37 0 21
78698.26 14 39 0 21
78700.08 13 40 0 -1
78700.08 13 40 345 21
78701.03 13 40 0 -1
78701.03 13 40 72 21
78701.86 13 41 0 -1
78701.86 13 41 345 21
78702.48 13 41 468 21
78702.76 13 41 0 21
78707.76 22 40 0 -1
78707.76 22 40 468 21
78708.24 22 40 469 21
78710.41 23 37 467u3 21
78713.51 22 40 470 21
78714.04 22 40 0 -1
78714.04 22 40 463 21
78715.58 22 42 470 21
78724.28 11 47 0 21
78728.21 21 42 292 21
78730.23 22 42 434 21
78739.21 4 31 48 21
78743.03 9 36 64 21
78744.86 6 36 0 21
78748.03 6 36 1336u2 21
78750.09 6 36 0 21
78757.39 6 36 1336u2 21
78758.18 6 36 0 21
78758.99 6 36 1336u2 21
78765.96 9 36 0 21
78772.38 7 36 64 21
78777.13 2 34 48 21
78781.23 10 36 64 21
78784.59 7 36 0 21
78802.11 14 42 64 21
78803.03 13 43 30u2 21
78804.94 13 43 30u1 21
78824.78 11 45 0 21
78834.39 11 45 135 21
78839.11 11 45 0 21
78849.94 11 45 135 21
78855.73 13 43 30u0 21
78879.54 10 36 67 21
78881.24 10 36 0 21
78885.49 22 42 471 21
78890.84 18 36 0 21
78892.71 21 38 0 -1
78892.71 21 38 74 21
78893.09 21 38 474 21
78893.51 21 38 0 21
78897.59 21 38 474 21
78905.94 13 43 279 21
78911.38 14 36 0 21
78914.51 19 38 0 -1
78914.51 19 38 473 21
78916.49 20 38 661u0 21
78919.93 22 37 0 21
78921.01 21 37 0 -1
78921.01 21 37 160 21
78921.99 21 37 0 -1
78921.99 21 37 496 21
78945.27 7 84 30u2 21
78946.91 7 84 30u1 21
78959.27 -5 79 48 21
78972.82 -2 64 64 21
78975.84 -5 64 163 21
78983.86 -4 63 0 21
78988.89 -4 63 3180 21
78991.32 -4 63 0 21
78993.34 -5 64 3176 21
78994.06 -4 63 3180u1 21
78997.51 -2 64 0 21
78999.66 -4 63 1854 21
79004.07 -3 63 64 21
79017.62 -5 64 179 21
79019.37 -5 64 196 21
79021.14 -4 63 0 21
79038.39 14 36 291 21
79046.49 20 44 34 21
79047.46 20 44 0 21
79049.47 20 43 180 21
79051.86 16 44 150u0 21
79053.64 20 43 182 21
79056.22 18 44 135 21
79057.46 20 43 181 21
79058.01 19 43 205 21
79058.81 20 43 0 21
79061.64 20 39 254 21
79068.62 9 48 391u5 21
79070.62 9 48 391u4 21
79071.67 9 48 391u3 21
79074.62 9 48 391u2 21
79080.40 12 47 0 21
79083.01 10 45 0 21
79086.46 10 47 1138 21
79087.37 11 47 235 21
79095.15 21 42 0 21
79102.62 25 37 292 21
79104.80 22 37 59 21
79107.32 25 37 0 21
79109.94 21 38 0 -1
79109.94 21 38 292 21
79110.76 19 38 475 21
79111.65 19 39 475 21
79112.25 19 39 0 -1
79112.25 19 39 474 21
79114.15 22 42 483 21
79116.57 19 38 0 21
79119.40 22 42 484 21
79119.89 22 42 0 21
79123.07 21 39 0 -1
79123.07 21 39 484 21
79126.45 23 37 0 21
79128.75 23 37 160 21
79132.45 21 38 0 21
79133.62 21 38 292 21
79134.67 21 39 0 21
79145.47 26 14 484 21
79146.70 25 13 2142u2 21
79148.35 27 14 2144 21
79148.84 26 14 0 21
79155.04 22 6 0 -1
79155.04 22 6 484 21
79156.04 22 6 0 21
79156.52 20 6 0 -1
79156.52 20 6 484 21
79157.49 20 6 0 21
79158.30 19 6 0 -1
79158.30 19 6 484 21
79159.25 19 6 0 21
79161.17 19 8 0 -1
79161.17 19 8 484 21
79162.84 19 8 0 21
79215.35 8 5 484 21
79216.54 7 5 0 -1
79216.54 7 5 291 21
79217.09 7 5 0 -1
79217.09 7 5 107 21
79217.82 7 5 0 -1
79217.82 7 5 291 21
79221.59 7 6 291 21
79229.00 1 0 291 21
79235.70 7 7 291 21
79237.80 7 7 0 -1
79237.80 7 7 107 21
79239.07 7 7 0 -1
79239.07 7 7 291 21
79240.09 7 8 107 21
79243.70 8 5 0 21
79284.97 22 16 0 -1
79284.97 22 16 484 21
79286.55 22 16 0 21
79288.90 22 12 484 21
79289.99 24 12 2142u1 21
79291.48 23 12 2144 21
79293.15 24 12 2142u0 21
79295.12 22 12 0 21
79300.47 13 6 484 21
79307.03 15 6 508u2 21
79310.15 15 6 546u1 21
79312.08 15 6 506 21
79312.92 15 6 882u1 21
79314.75 15 6 883u1 21
79317.85 15 6 881 21
79319.01 14 7 508u1 21
79320.48 14 7 546u1 21
79321.87 14 7 506 21
79322.17 14 7 882u1 21
79323.27 14 7 883u1 21
79325.02 14 7 881 21
79328.33 13 6 0 21
79329.48 14 7 0 -1
79329.48 14 7 484 21
79330.27 14 7 0 21
79330.65 15 6 0 -1
79330.65 15 6 484 21
79331.43 15 6 0 21
79332.05 17 7 0 -1
79332.05 17 7 484 21
79332.97 17 7 0 21
79340.62 8 8 484 21
79343.02 7 8 0 -1
79343.02 7 8 291 21
79348.05 7 9 291 21
79351.00 7 10 107 21
79352.32 8 8 0 21
79362.63 19 38 484 21
79364.75 19 37 887 21
79366.55 20 37 0 -1
79366.55 20 37 107 21
79369.95 16 36 0 -1
79369.95 16 36 344 21
79374.83 17 35 291 21
79377.52 20 38 33 21
79381.35 20 37 486 21
79382.47 20 37 108 21
79384.23 20 38 661u0 21
79386.13 20 37 887 21
79387.25 21 37 0 -1
79387.25 21 37 107 21
79393.07 16 34 0 -1
79393.07 16 34 496 21
79394.02 14 34 135 21
79403.17 9 48 391u1 21
79404.52 9 48 391u0 21
79414.77 20 39 255 21
79416.62 20 39 0 21
79419.47 19 40 270 21
79420.32 20 39 235 21
79422.02 20 40 0 21
79425.73 22 38 0 21
79430.65 17 36 0 21
79431.93 17 36 67 21
79437.40 12 42 0 21
79440.73 16 34 72 21
79441.95 16 33 0 -1
79441.95 16 33 71u2 21
79443.18 15 33 4223 21
79447.63 14 42 0 21
79451.60 10 36 64 21
79456.50 10 36 67 21
79459.45 9 38 48 21
79460.17 10 37 64 21
79462.13 10 37 67 21
79465.50 10 37 0 21
79466.98 10 36 557 21
79469.15 11 39 0 21
79471.70 10 36 556 21
79474.08 10 37 462u3 21
79475.28 11 37 0 21
79480.50 17 38 1602u1 21
79494.02 9 48 1135 21
79496.75 10 48 391u5 21
79506.41 19 34 49 21
79507.73 17 35 0 -1
79507.73 17 35 61 21
79508.35 18 34 291 21
79518.31 18 44 0 21
79523.03 19 39 1423 21
79524.06 20 40 135 21
79524.81 19 39 74 21
79527.53 19 39 0 -1
79527.53 19 39 134 21
79530.90 17 36 75 21
79531.38 18 36 74 21
79533.90 20 34 48 21
79534.25 20 33 64 21
79534.75 20 34 48 21
79537.28 17 36 67 21
79538.43 17 35 78 21
79539.68 16 34 0 -1
79539.68 16 34 62 21
79543.15 17 35 82 21
79545.56 17 34 0 21
79546.66 17 35 346 21
79549.40 20 33 0 21
79554.96 9 36 64 21
79557.26 7 40 48 21
79559.78 8 36 64 21
79562.40 8 36 67 21
79563.16 9 36 67 21
79565.30 8 36 0 21
79566.00 9 36 557 21
79569.68 10 37 0 21
79571.16 9 36 556 21
79571.95 10 37 462u3 21
79575.38 11 46 0 21
79577.33 11 46 291 21
79579.55 10 48 391u4 21
79580.98 10 48 391u3 21
79582.80 10 48 391u2 21
79585.26 11 47 0 21
79586.31 10 47 0 21
79587.15 11 46 0 -1
79587.15 11 46 1137 21
79588.39 11 47 291 21
79591.35 10 48 391u1 21
79595.76 11 47 0 21
79602.85 17 34 291 21
79606.36 15 38 1316u0 21
79608.88 15 38 1316u1 21
79610.03 13 40 0 21
79614.11 18 40 247 21
79617.23 21 39 292 21
79618.65 20 39 1354 21
79619.96 23 40 1603u0 21
79621.30 22 38 235 21
79622.56 22 38 1354 21
79624.13 23 40 235 21
79626.61 20 40 0 -1
79626.61 20 40 235 21
79629.76 20 40 1354 21
79631.30 20 40 0 -1
79631.30 20 40 135 21
79638.66 21 40 0 -1
79638.66 21 40 1354 21
79645.41 17 38 0 -1
79645.41 17 38 334 21
79649.16 19 34 49 21
79650.96 17 36 0 -1
79650.96 17 36 61 21
79651.98 17 35 346 21
79655.21 18 40 249 21
79657.79 17 36 0 -1
79657.79 17 36 248 21
79659.48 16 34 61 21
79662.91 18 36 0 21
79665.53 19 39 0 -1
79665.53 19 39 74 21
79666.81 20 40 0 -1
79666.81 20 40 134 21
79669.66 23 42 135 21
79671.14 20 38 33 21
79674.31 19 40 0 -1
79674.31 19 40 33 21
79675.11 18 40 250 21
79692.61 18 37 2144 21
79693.86 19 38 0 21
79702.08 17 34 0 -1
79702.08 17 34 484 21
79702.96 17 34 0 21
79703.53 18 34 0 -1
79703.53 18 34 484 21
79704.36 18 34 0 21
79720.65 26 -2 484 21
79723.68 25 -2 508u1 21
79725.38 25 -2 546u1 21
79726.74 25 -2 506 21
79727.04 25 -2 882u1 21
79728.21 25 -2 883u1 21
79729.78 25 -2 881 21
79731.13 27 -3 508u1 21
79732.41 27 -3 546u1 21
79733.48 27 -3 506 21
79734.04 27 -3 882u1 21
79734.94 27 -3 883u1 21
79736.13 27 -3 881 21
79740.26 26 -2 0 21
79740.98 25 -2 0 -1
79740.98 25 -2 484 21
79742.38 25 -2 0 21
79743.08 27 -3 0 -1
79743.08 27 -3 484 21
79745.29 27 -3 0 21
79758.21 8 11 484 21
79760.79 7 10 0 -1
79760.79 7 10 291 21
79762.33 7 12 107 21
79764.13 7 11 291 21
79764.66 8 11 0 21
79780.91 30 -3 484 21
79784.08 30 -4 508u1 21
79784.94 30 -4 546u1 21
79785.94 30 -4 506 21
79786.33 30 -4 882u1 21
79787.23 30 -4 883u1 21
79788.26 30 -4 881 21
79789.54 30 -3 0 21
79791.59 30 -4 0 -1
79791.59 30 -4 484 21
79792.41 30 -4 0 21
79829.74 24 -9 484 21
79840.89 24 -10 508u1 21
79843.43 24 -10 546u1 21
79847.46 24 -10 506 21
79848.34 24 -10 882u1 21
79850.06 24 -10 883u1 21
79852.94 24 -10 881 21
79854.71 24 -9 0 21
79855.69 24 -10 0 -1
79855.69 24 -10 484 21
79856.67 24 -10 0 21
79858.41 20 -8 484 21
79862.74 20 -8 0 21
79888.04 20 39 0 -1
79888.04 20 39 484 21
79890.39 17 35 85 21
79892.74 22 38 0 -1
79892.74 22 38 1355 21
79895.86 17 35 85 21
79898.61 21 40 0 -1
79898.61 21 40 1355 21
79902.04 17 35 85 21
79907.89 23 38 0 -1
79907.89 23 38 1355 21
79914.17 25 38 66 21
79919.03 20 38 0 21
79921.21 21 37 486 21
79921.59 21 37 108 21
79922.29 21 37 109 21
79922.91 21 37 110 21
79924.31 20 38 33 21
79927.54 21 37 885 21
79929.67 21 36 0 -1
79929.67 21 36 107 21
79936.61 16 36 1316u0 21
79938.97 20 38 0 21
79941.94 21 36 486 21
79942.97 21 36 108 21
79943.51 21 36 109 21
79948.29 20 38 33 21
79955.72 21 36 886 21
79957.12 21 35 0 -1
79957.12 21 35 107 21
79961.09 16 36 1316u1 21
79969.47 20 38 0 21
79972.27 21 35 486 21
79973.06 21 35 108 21
79973.54 21 35 109 21
79974.02 21 35 110 21
79978.14 20 38 33 21
79979.24 20 39 0 21
79984.64 25 37 484 21
79989.72 21 35 885 21
79990.57 22 35 0 -1
79990.57 22 35 107 21
79998.07 16 36 1316u2 21
80010.96 25 37 0 21
80018.86 22 35 0 -1
80018.86 22 35 484 21
80021.52 21 34 107 21
80023.15 22 35 0 21
80024.01 22 35 484 21
80026.90 22 35 0 21
80030.51 21 34 0 -1
80030.51 21 34 484 21
80032.46 22 34 107 21
80033.56 22 34 0 21
80034.39 22 35 107 21
80037.54 25 33 0 21
80040.45 22 35 486 21
80041.09 22 35 108 21
80042.61 22 34 33 21
80045.94 22 35 887 21
80048.89 23 35 0 -1
80048.89 23 35 107 21
80052.47 23 33 344 21
80053.90 22 34 0 21
80055.97 23 35 486 21
80056.57 23 35 108 21
80066.59 20 33 33 21
80067.85 23 33 0 21
80072.97 16 36 1316u3 21
80079.04 25 32 0 21
80081.59 20 33 661u0 21
80084.05 21 34 0 21
80091.34 35 24 0 -1
80091.34 35 24 484 21
80092.17 35 24 0 21
80093.04 38 23 0 -1
80093.04 38 23 484 21
80093.89 38 23 0 21
80095.40 39 26 0 -1
80095.40 39 26 484 21
80096.69 39 26 0 21
80098.34 42 23 0 -1
80098.34 42 23 484 21
80099.70 42 23 0 21
80103.34 43 18 484 21
80104.00 44 18 2142u3 21
80105.52 42 18 2144 21
80105.97 43 18 0 21
80141.79 9 34 484 21
80143.25 8 34 291 21
80144.30 8 34 0 21
80145.99 9 34 0 21
80172.29 12 34 484 21
80173.52 12 34 0 21
80174.27 11 35 484 21
80175.72 12 34 291 21
80177.24 11 34 291 21
80179.07 10 34 0 -1
80179.07 10 34 291 21
80182.80 16 34 66 21
80186.82 9 34 291 21
80188.19 11 35 0 21
80206.02 8 -14 484 21
80207.13 8 -13 48 21
80208.65 8 -14 0 21
80216.65 22 -15 484 21
80221.52 21 -15 508u1 21
80224.15 21 -15 546u1 21
80226.45 21 -15 506 21
80226.96 21 -15 882u1 21
80228.15 21 -15 883u1 21
80230.54 21 -15 881 21
80232.67 23 -17 508u1 21
80233.72 23 -17 546u1 21
80238.55 23 -17 506 21
80238.87 23 -17 882u1 21
80241.62 23 -17 883u1 21
80243.43 23 -17 881 21
80244.37 22 -18 508u1 21
80247.77 22 -18 546u1 21
80249.37 22 -18 506 21
80249.84 22 -18 882u1 21
80251.37 22 -18 883u1 21
80253.12 22 -18 881 21
80255.17 22 -15 0 21
80255.98 21 -15 0 -1
80255.98 21 -15 484 21
80256.97 21 -15 0 21
80258.08 23 -17 0 -1
80258.08 23 -17 484 21
80259.08 23 -17 0 21
80259.98 22 -18 0 -1
80259.98 22 -18 484 21
80261.00 22 -18 0 21
80284.37 12 23 484 21
80287.98 12 23 0 21
80297.18 22 34 484 21
80304.07 23 35 887 21
80311.30 22 41 0 -1
80311.30 22 41 107 21
80314.60 16 36 1316 21
80318.60 21 40 0 21
80320.15 21 40 235 21
80320.95 19 40 0 21
80322.37 22 41 486 21
80323.32 22 41 108 21
80325.22 19 40 33 21
80329.58 22 34 0 21
80334.05 22 42 484 21
80338.13 22 41 887 21
80338.80 23 41 0 -1
80338.80 23 41 107 21
80343.68 16 35 0 -1
80343.68 16 35 344 21
80344.70 17 35 152 21
80348.17 19 40 0 21
80349.70 23 41 486 21
80350.87 23 41 108 21
80352.57 24 42 33 21
80357.33 23 41 887 21
80358.58 24 41 0 -1
80358.58 24 41 107 21
80365.15 17 34 496 21
80366.38 16 33 0 21
80368.15 17 34 72 21
80369.13 16 34 72 21
80369.73 17 34 0 -1
80369.73 17 34 71u2 21
80370.22 16 34 1599u0 -1
80375.33 24 42 0 21
80376.12 24 41 486 21
80376.40 24 41 108 21
80376.93 24 41 109 21
80377.55 24 41 110 21
80378.73 24 42 33 21
80380.07 23 42 0 21
80384.15 16 44 150u1 21
80388.23 22 42 0 21
80410.98 7 35 484 21
80412.03 7 35 0 21
80412.83 6 36 484 21
80421.61 10 48 391u0 21
80424.11 11 46 0 21
80425.73 9 48 393 21
80426.53 10 46 235 21
80427.90 10 48 1135 21
80436.17 21 39 0 21
80453.91 4 35 411u5 21
80461.11 10 47 1101 21
80462.60 11 47 292 21
80467.35 11 48 391u5 21
80478.20 19 34 49 21
80482.55 22 36 0 -1
80482.55 22 36 61 21
80498.03 19 40 236 21
80506.60 6 36 0 21
80508.18 5 36 484 21
80509.93 8 36 64 21
80519.21 1 37 1340 21
80537.98 5 36 0 21
80540.30 3 36 484 21
80541.66 1 37 1340u3 21
80543.75 1 37 1340u2 21
80545.53 1 37 1340u1 21
80547.31 1 37 1340u0 21
80549.56 1 37 1343 21
80552.10 5 36 1342 21
80560.88 22 38 0 21
80562.38 22 38 235 21
80577.51 10 46 0 21
80578.59 10 47 1101u0 21
80579.51 10 48 393 21
80580.73 10 46 235 21
80581.30 11 47 0 21
80589.84 5 36 0 -1
80589.84 5 36 292 21
80593.43 5 36 0 21
80594.14 3 36 0 21
80603.63 7 52 484 21
80604.64 6 53 48 21
80605.51 7 52 0 21
80613.56 8 37 484 21
80617.51 8 36 67 21
80618.08 6 36 34 21
80620.11 6 36 0 -1
80620.11 6 36 64 21
80620.94 6 36 67 21
80621.26 6 36 0 -1
80621.26 6 36 34 21
80621.93 8 36 557 21
80626.63 6 36 0 21
80628.54 8 37 0 21
80635.88 11 47 484 21
80637.15 11 48 391u4 21
80639.89 11 48 391u3 21
80641.41 11 47 0 21
80650.34 21 39 484 21
80657.98 21 40 1354 21
80661.59 23 40 1354 21
80677.54 20 39 34 21
80686.19 19 38 467u3 21
80687.43 21 39 0 21
80693.79 12 35 484 21
80698.49 20 39 0 -1
80698.49 20 39 198 21
80699.74 21 39 34 21
80704.09 19 40 0 -1
80704.09 19 40 455u1 21
80716.16 11 48 391u2 21
80719.83 11 48 391u1 21
80751.62 14 135 49 21
80759.21 21 154 61 21
80780.46 9 175 48 21
80783.31 4 180 64 21
80788.71 8 178 0 21
80789.51 6 178 32 21
80791.59 2 178 806 21
80791.92 3 178 34 21
80792.39 2 178 0 21
80793.79 3 178 0 21
80800.01 -9 175 34 21
80800.39 -10 175 0 21
80802.29 -10 175 808 21
80803.56 -10 175 0 21
80804.59 -10 175 808 21
80806.67 -9 175 0 21
80815.61 17 181 123 21
80819.34 16 188 123 21
80820.12 17 187 34 21
80824.01 17 181 122 21
80826.31 16 187 124 21
80827.51 16 188 122 21
80828.62 16 187 292 21
80829.19 16 187 0 21
80829.54 17 187 0 -1
80829.54 17 187 292 21
80830.34 17 187 0 21
80835.57 6 184 292 21
80837.16 7 185 30u4 21
80839.67 6 184 0 21
80841.86 6 184 292 21
80842.72 7 185 30u3 21
80844.17 6 184 0 21
80851.89 -10 175 0 -1
80851.89 -10 175 292 21
80852.99 -10 175 0 21
80858.01 -5 179 292 21
80859.19 -4 179 54 21
80859.86 -7 179 57 21
80860.91 -8 180 53 21
80861.64 -7 179 58 21
80868.72 -7 179 0 21
80869.72 -5 179 0 21
80903.42 16 75 292 21
80906.96 16 75 0 21
80924.21 25 43 292 21
80940.10 73 40 87 21
