startTime: 1614058812.58
100.87 -3 -75 0 9
108.15 -5 -84 30u4 9
112.82 -1 -81 406 9
117.10 8 -78 132 9
170.33 16 41 34 9
174.66 14 36 1598u1 9
176.03 14 36 1598u2 9
193.75 15 40 33 9
195.60 15 40 661u0 9
198.35 15 40 661u1 9
201.68 17 40 0 9
216.61 20 75 0 9
225.18 16 101 167 9
240.28 29 133 357 9
241.08 29 132 292 9
242.71 30 133 30u4 9
245.35 29 132 0 9
248.13 27 131 0 -1
248.13 27 131 292 9
249.11 27 131 0 9
252.63 24 133 0 -1
252.63 24 133 292 9
253.83 24 133 0 9
273.78 21 138 292 9
274.58 20 138 30u4 9
276.23 20 138 30u3 9
277.10 20 138 30u2 9
278.43 21 138 0 9
284.16 31 150 292 9
285.28 32 150 0 9
287.75 31 150 0 9
334.55 33 92 0 -1
334.55 33 92 292 9
335.44 33 92 0 9
355.64 30 27 0 -1
355.64 30 27 292 9
358.36 28 28 0 9
362.03 28 25 0 9
364.89 30 27 0 9
368.01 32 21 0 -1
368.01 32 21 292 9
370.10 32 21 0 9
374.71 27 13 292 9
377.63 25 13 2142u5 9
380.64 28 13 2144 9
381.24 27 13 0 9
410.56 17 40 292 9
413.24 15 40 661u2 9
414.99 15 40 661u3 9
416.69 15 40 661u4 9
418.24 15 40 661u5 9
419.73 15 40 661u6 9
420.66 16 40 0 9
422.44 16 40 236 9
423.93 15 40 661u7 9
426.33 15 40 661 9
433.76 15 37 0 9
434.73 14 37 291 9
438.23 23 36 49 9
444.91 43 35 0 -1
444.91 43 35 61 9
454.81 15 37 291 9
461.99 11 32 48 9
466.26 16 41 0 -1
466.26 16 41 64 9
479.51 2 47 123 9
507.86 -7 8 39 9
508.76 -6 8 34 9
509.58 -7 8 0 9
511.33 -6 8 0 9
517.91 -1 6 123 9
519.53 -3 4 34 9
521.04 -3 4 0 9
525.49 -1 6 122 9
543.29 1 48 124 9
544.56 2 47 122 9
546.11 1 48 292 9
546.39 1 48 0 9
547.66 -2 47 0 -1
547.66 -2 47 292 9
548.36 -2 47 0 9
549.09 -2 47 292 9
550.51 -2 48 0 9
551.84 -2 47 0 9
563.44 19 40 292 9
564.36 17 40 0 9
565.32 17 41 0 9
567.08 23 41 357 9
569.52 17 41 292 9
571.77 16 36 49 9
580.31 13 36 0 -1
580.31 13 36 61 9
584.33 13 36 0 -1
584.33 13 36 67 9
585.16 12 36 61 9
587.44 10 38 45 9
590.94 10 36 66 9
595.88 17 41 0 9
598.69 13 37 238 9
601.88 14 39 0 -1
601.88 14 39 298 9
603.29 17 40 33 9
604.59 14 39 0 9
605.14 14 39 300 9
608.10 17 41 292 9
616.22 9 34 0 9
622.09 16 41 72 9
623.18 15 41 0 -1
623.18 15 41 71 9
624.44 15 42 160 9
625.11 16 41 0 9
627.79 13 37 281 9
630.07 12 38 48 9
632.74 15 41 0 -1
632.74 15 41 64 9
633.49 15 41 72 9
633.96 16 41 71u3 9
636.22 19 41 49 9
644.77 15 36 0 9
646.61 13 36 75 9
647.42 15 36 74 9
649.62 11 32 48 9
652.06 13 36 67 9
653.66 12 36 78 9
655.57 10 35 0 -1
655.57 10 35 62 9
659.41 12 36 82 9
660.69 11 35 0 9
662.76 11 35 288 9
667.22 13 36 0 9
668.67 12 36 82 9
669.82 13 37 282 9
670.29 12 37 0 -1
670.29 12 37 248 9
671.24 13 37 293 9
678.71 17 41 0 9
680.38 16 42 292 9
681.61 17 43 61 9
684.24 16 42 0 9
703.61 24 103 292 9
706.97 23 102 39 9
708.77 23 102 0 9
709.69 24 103 0 9
712.54 20 105 292 9
715.59 19 105 39 9
716.81 19 105 0 9
717.62 20 105 0 9
719.46 20 111 167 9
722.39 21 115 292 9
727.62 22 115 806 9
729.92 22 115 0 9
730.82 21 115 0 9
734.89 24 125 292 9
737.16 25 125 39 9
738.90 27 127 39 9
740.89 27 127 0 9
744.44 25 125 0 9
745.62 24 125 0 9
752.22 30 132 292 9
753.80 30 133 30u3 9
757.26 30 132 0 9
769.12 47 149 292 9
770.37 47 148 0 9
772.04 47 149 0 9
815.10 38 120 292 9
816.50 38 120 0 9
848.99 17 41 292 9
851.15 13 37 299 9
854.09 9 36 127 9
857.17 11 35 0 9
858.84 13 37 305 9
863.27 10 36 0 9
867.99 16 41 0 -1
867.99 16 41 66 9
870.34 16 41 72 9
870.84 16 41 0 -1
870.84 16 41 71u3 9
875.47 13 36 72 9
888.50 16 36 49 9
892.80 13 36 0 -1
892.80 13 36 61 9
895.40 11 35 72 9
899.10 15 36 0 9
902.12 12 37 75 9
903.67 15 36 74 9
905.10 12 38 48 9
907.40 12 37 67 9
909.32 13 36 78 9
910.82 11 35 0 -1
910.82 11 35 62 9
914.37 13 36 82 9
921.82 17 40 0 9
927.55 12 37 0 9
929.22 13 36 82 9
930.82 13 37 304 9
932.25 12 35 0 -1
932.25 12 35 248 9
933.52 14 36 1598u1 9
934.47 13 37 304 9
935.52 14 37 309 9
936.27 14 36 1598u0 9
937.17 13 37 304 9
937.88 15 37 309 9
939.87 12 37 239 9
942.10 14 37 313 9
942.99 15 37 313 9
945.98 14 37 291 9
947.82 12 37 0 -1
947.82 12 37 314 9
948.88 14 36 290 9
949.93 13 37 304 9
951.35 14 37 309 9
952.40 12 36 239 9
954.57 14 37 313 9
956.67 15 37 291 9
958.10 12 37 2123u0 9
958.79 12 36 0 9
959.90 14 36 0 9
962.23 14 36 290 9
963.23 14 36 0 9
964.98 14 36 290 9
965.96 14 37 291 9
967.78 12 37 2123u1 9
968.40 12 36 239 9
973.63 16 36 49 9
976.35 18 41 61 9
983.22 13 37 238 9
987.50 17 40 288 9
988.49 15 41 0 9
992.73 13 36 82 9
998.12 2 34 48 9
1005.38 16 41 0 -1
1005.38 16 41 64 9
1005.83 16 41 72 9
1006.38 16 41 0 -1
1006.38 16 41 71u3 9
1011.05 13 37 281 9
1012.67 12 35 0 9
1014.37 13 36 82 9
1015.32 13 37 282 9
1016.73 12 35 248 9
1018.85 9 36 0 9
1020.45 13 37 293 9
1031.75 14 35 0 9
1036.95 10 36 235 9
1038.92 12 37 2123u0 9
1040.10 10 36 317 9
1041.15 12 37 314 9
1041.93 10 37 317 9
1045.20 14 39 301 9
1048.15 10 37 316 9
1050.05 14 39 302 9
1052.92 10 36 316 9
1058.58 16 40 0 9
1061.25 16 39 1602u0 9
1062.05 16 39 0 9
1066.33 9 36 1602u0 9
1067.70 9 36 236 9
1068.27 10 36 319 9
1069.18 9 36 0 9
1070.28 10 37 319 9
1076.10 14 41 661u0 9
1084.97 16 42 34 9
1089.90 13 37 299 9
1096.88 12 37 0 -1
1096.88 12 37 127 9
1100.52 11 35 314 9
1101.80 10 37 0 9
1103.08 10 37 319 9
1104.48 9 38 48 9
1107.70 16 40 64 9
1108.78 16 41 0 9
1109.48 16 40 72 9
1109.95 16 40 0 -1
1109.95 16 40 71u3 9
1113.73 13 36 82 9
1126.33 12 39 49 9
1129.35 17 40 0 -1
1129.35 17 40 61 9
1133.31 12 35 0 -1
1133.31 12 35 288 9
1135.31 13 36 82 9
1138.91 12 35 0 -1
1138.91 12 35 248 9
1140.00 13 37 305 9
1141.33 12 35 0 9
1142.68 13 37 304 9
1143.46 12 36 0 -1
1143.46 12 36 248 9
1145.73 10 36 0 9
1147.40 13 37 304 9
1148.80 12 35 321 9
1150.06 10 37 0 9
1151.13 13 37 304 9
1153.03 10 35 321 9
1154.46 14 36 0 9
1155.23 13 37 304 9
1156.40 14 37 309 9
1157.08 14 36 239 9
1159.60 15 40 661u7 9
1161.56 14 37 313 9
1164.26 10 35 0 -1
1164.26 10 35 33 9
1165.40 10 36 322 9
1167.26 10 36 325 9
1167.73 10 36 0 -1
1167.73 10 36 236 9
1168.88 9 36 325 9
1169.61 9 36 235 9
1171.96 15 36 0 -1
1171.96 15 36 326 9
1172.51 14 36 0 -1
1172.51 14 36 74 9
1179.86 10 37 239 9
1182.28 12 35 325 9
1183.61 10 36 1602u0 9
1184.60 12 35 235 9
1186.88 15 36 1837u0 9
1188.21 12 35 0 9
1190.83 9 36 1603u0 9
1194.96 11 31 45 9
1199.51 16 40 0 -1
1199.51 16 40 66 9
1200.01 16 40 72 9
1200.43 16 40 0 -1
1200.43 16 40 71u3 9
1203.03 13 36 82 9
1206.75 8 27 99 9
1208.71 7 28 96 9
1209.31 7 29 45 9
1218.95 16 40 0 -1
1218.95 16 40 66 9
1219.62 16 40 72 9
1220.23 16 40 0 -1
1220.23 16 40 71u3 9
1223.35 16 39 72 9
1224.83 13 37 238 9
1226.56 16 39 0 -1
1226.56 16 39 288 9
1228.38 13 37 281 9
1229.96 12 36 0 9
1232.10 13 36 82 9
1235.25 13 37 282 9
1235.80 12 36 248 9
1236.51 12 37 0 9
1237.05 13 37 293 9
1242.50 9 36 235 9
1245.43 12 37 235 9
1246.63 14 37 291 9
1248.08 12 37 317 9
1250.13 14 39 0 9
1252.31 12 37 316 9
1253.73 10 36 236 9
1255.35 12 37 319 9
1262.60 17 41 0 9
1273.43 -2 61 292 9
1283.53 -23 59 99 9
1289.33 -19 66 96 9
1290.46 -20 66 0 9
1299.08 -8 61 32 9
1305.86 -3 61 39 9
1307.64 -6 64 39 9
1310.31 -3 61 0 9
1312.80 -6 64 0 9
1316.49 -2 61 0 9
1332.63 -50 72 292 9
1335.09 -50 72 0 9
1377.69 -105 100 292 9
1379.46 -104 101 0 9
1382.49 -102 98 30u4 9
1383.94 -102 98 30u3 9
1385.04 -102 98 30u2 9
1386.44 -102 98 30u1 9
1388.98 -102 98 30u0 9
1390.26 -102 98 279 9
1394.14 -105 100 0 9
1399.44 -117 109 292 9
1407.46 -118 109 39 9
1408.99 -118 109 0 9
1409.91 -117 109 0 9
1424.49 -116 131 292 9
1426.73 -115 131 39 9
1428.11 -118 132 39 9
1430.38 -118 132 0 9
1433.13 -115 131 0 9
1437.04 -116 131 0 9
1502.74 18 41 292 9
1505.71 13 37 299 9
1509.90 12 36 0 -1
1509.90 12 36 127 9
1511.92 14 36 0 -1
1511.92 14 36 67 9
1513.38 14 35 74 9
1519.66 12 37 0 9
1520.41 12 37 319 9
1541.67 3 2 48 9
1555.42 14 39 64 9
1558.71 16 40 0 9
1559.84 14 39 72 9
1561.14 16 40 71u3 9
1562.36 14 39 0 9
1568.11 12 35 72 9
1578.81 12 35 0 9
1581.89 15 35 72 9
1584.54 16 36 49 9
1587.67 12 35 61 9
1591.11 14 35 0 9
1591.99 14 36 75 9
1597.99 14 35 74 9
1600.16 11 31 45 9
1604.51 14 35 0 -1
1604.51 14 35 62 9
1606.61 14 36 75 9
1607.84 14 35 0 -1
1607.84 14 35 74 9
1608.82 14 36 67 9
1610.59 12 35 78 9
1611.86 15 35 0 -1
1611.86 15 35 62 9
1616.57 12 35 82 9
1619.16 16 39 0 9
1621.69 13 37 305 9
1625.84 14 36 0 9
1631.97 12 35 82 9
1633.39 13 37 304 9
1635.27 10 37 0 -1
1635.27 10 37 248 9
1635.84 12 37 0 9
1636.81 13 37 304 9
1638.21 13 36 321 9
1639.67 15 36 326 9
1640.86 13 37 304 9
1641.71 14 37 330 9
1642.42 14 36 239 9
1644.61 15 40 661u6 9
1646.39 14 37 440 9
1650.56 13 36 325 9
1654.67 10 36 1602u0 9
1667.09 19 46 48 9
1671.22 16 42 0 -1
1671.22 16 42 64 9
1671.81 16 42 67 9
1672.52 16 42 69 9
1673.14 16 42 0 -1
1673.14 16 42 34 9
1679.74 14 37 291 9
1682.06 16 39 443 9
1684.12 16 39 0 -1
1684.12 16 39 69 9
1684.54 16 39 441 9
1685.02 16 39 0 9
1688.32 12 37 441 9
1692.72 13 37 238 9
1695.22 14 39 288 9
1700.22 19 44 406 9
1703.05 16 40 0 -1
1703.05 16 40 132 9
1704.14 16 40 72 9
1704.70 16 40 0 -1
1704.70 16 40 71u3 9
1708.77 12 35 82 9
1713.52 11 43 406 9
1716.56 16 40 0 -1
1716.56 16 40 132 9
1716.90 16 40 72 9
1717.79 16 40 0 -1
1717.79 16 40 71u2 9
1719.79 13 37 281 9
1722.04 10 37 0 9
1723.39 12 35 82 9
1725.14 13 37 282 9
1726.34 10 37 248 9
1728.32 12 36 0 9
1728.89 13 37 293 9
1731.47 13 36 235 9
1733.55 15 36 1837u0 9
1735.72 12 37 0 9
1737.82 13 36 0 9
1739.67 11 35 0 -1
1739.67 11 35 235 9
1740.42 11 35 317 9
1740.72 11 35 0 9
1742.75 9 37 317 9
1761.07 9 41 406 9
1767.54 12 36 132 9
1773.02 13 37 299 9
1774.80 16 38 127 9
1780.17 8 41 45 9
1786.17 16 40 0 -1
1786.17 16 40 66 9
1787.80 16 40 72 9
1788.37 16 40 0 -1
1788.37 16 40 71u2 9
1792.12 12 35 82 9
1796.97 15 40 661u7 9
1798.27 19 40 0 9
1801.16 13 37 238 9
1802.45 12 37 300 9
1806.30 16 40 0 -1
1806.30 16 40 292 9
1810.87 12 36 72 9
1813.40 17 40 71u2 9
1814.84 16 36 49 9
1819.64 12 36 0 -1
1819.64 12 36 61 9
1820.24 13 37 281 9
1821.42 10 37 0 9
1823.17 12 35 82 9
1824.35 13 37 282 9
1826.85 10 37 248 9
1828.75 16 38 0 9
1830.45 13 37 293 9
1833.87 12 37 301 9
1835.40 9 37 316 9
1836.29 10 36 236 9
1837.32 9 37 319 9
1837.60 9 37 0 9
1840.04 12 36 0 -1
1840.04 12 36 319 9
1844.25 9 37 61 9
1858.43 14 39 0 9
1864.00 14 39 288 9
1865.62 13 37 299 9
1866.57 14 39 0 -1
1866.57 14 39 127 9
1867.55 13 37 305 9
1870.30 9 38 48 9
1872.62 7 39 62 9
1874.09 8 41 45 9
1874.85 8 39 62 9
1875.77 7 40 48 9
1884.07 8 37 64 9
1885.93 6 39 48 9
1887.55 7 37 64 9
1891.84 7 37 67 9
1892.44 8 37 67 9
1901.13 15 40 661 9
1904.02 14 41 33 9
1908.15 14 41 661u0 9
1912.65 10 49 406 9
1916.78 17 41 132 9
1919.83 17 41 0 9
1930.38 17 40 0 -1
1930.38 17 40 132 9
1931.00 17 40 72 9
1931.37 17 40 0 -1
1931.37 17 40 71u1 9
1934.83 12 35 82 9
1938.57 10 37 0 9
1940.98 12 35 82 9
1943.17 13 37 304 9
1944.33 10 37 248 9
1945.65 14 36 0 9
1946.33 12 36 0 9
1947.32 13 37 304 9
1948.23 12 36 321 9
1949.72 15 36 326 9
1950.89 13 37 304 9
1951.75 14 37 330 9
1952.32 14 36 239 9
1955.23 14 37 331 9
1956.85 14 36 0 9
1958.07 15 36 0 9
1958.98 13 37 304 9
1960.03 15 37 330 9
1960.55 14 36 239 9
1962.55 15 37 331 9
1962.98 15 37 854 9
1963.42 15 37 445 9
1963.92 15 37 444 9
1964.37 15 37 446 9
1964.87 15 37 447 9
1965.53 15 37 448 9
1966.42 15 37 499 9
1968.87 14 37 291 9
1969.72 15 36 333 9
1970.72 12 36 325 9
1971.57 11 35 236 9
1972.83 12 36 235 9
1975.47 13 36 326 9
1977.13 15 36 0 9
1980.28 8 37 0 -1
1980.28 8 37 333 9
1981.18 8 37 334 9
1982.45 8 37 0 9
1984.85 11 36 3146 9
1986.27 9 37 334 9
1987.08 11 36 341 9
1988.95 12 35 346 9
1992.82 13 37 238 9
1993.70 11 37 288 9
1997.45 15 37 291 9
2001.13 7 37 502 9
2001.80 7 37 0 9
2004.97 11 38 502 9
2007.17 11 36 339 9
2011.55 10 36 0 -1
2011.55 10 36 344 9
2013.07 11 35 1602u0 9
2014.08 11 36 338 9
2015.63 8 37 345 9
2016.72 11 38 0 9
2017.47 11 36 496 9
2018.40 11 36 0 -1
2018.40 11 36 502u3 9
2022.87 17 40 0 -1
2022.87 17 40 496 9
2023.75 17 40 72 9
2024.93 17 41 71u0 9
2027.78 18 41 0 9
2040.63 16 42 0 -1
2040.63 16 42 292 9
2041.77 16 42 0 9
2060.05 6 -10 292 9
2061.57 6 -11 279 9
2064.59 6 -10 0 9
2072.63 8 -29 292 9
2073.53 7 -29 0 9
2075.10 8 -29 0 9
2080.23 8 -32 292 9
2080.71 7 -33 30u4 9
2082.03 8 -32 0 9
2090.15 19 -52 292 9
2092.23 21 -52 39 9
2093.01 20 -50 39 9
2096.71 21 -55 39 9
2098.30 21 -55 0 9
2101.03 21 -52 0 9
2101.91 19 -52 0 9
2103.05 19 -50 292 9
2104.36 20 -50 0 9
2107.20 18 -49 30u3 9
2109.06 19 -50 0 9
2120.48 12 -16 167 9
2141.22 11 38 292 9
2149.93 11 37 0 9
2152.40 11 37 288 9
2184.50 23 36 49 9
2190.35 21 42 61 9
2194.45 11 40 45 9
2209.43 17 41 0 -1
2209.43 17 41 66 9
2210.01 17 41 72 9
2211.03 16 41 859 9
2211.61 17 41 0 9
2212.95 17 40 1599u0 9
2225.45 14 39 0 9
2227.34 16 40 0 9
2232.24 16 40 292 9
2234.30 14 41 33 9
2236.91 14 41 661u0 9
2253.16 14 39 198 9
2257.56 11 32 48 9
2260.78 5 34 62 9
2262.63 6 39 48 9
2273.88 -3 58 62 9
2277.14 -3 57 0 9
2290.93 15 36 64 9
2303.26 11 32 48 9
2320.33 15 36 67 9
2325.54 14 37 0 -1
2325.54 14 37 34 9
2326.54 12 35 1280 9
2347.91 4 -22 141 9
2367.79 12 35 1281 9
2368.73 11 35 236 9
2369.68 12 35 1280 9
2375.11 11 35 1602u0 9
2379.98 9 37 0 9
2382.86 7 33 340 9
2384.41 9 34 334 9
2385.31 7 33 341 9
2386.21 8 35 344 9
2387.03 7 33 339 9
2387.94 8 35 1316u0 9
2388.84 7 33 338 9
2389.81 7 35 345 9
2393.11 11 36 0 9
2396.44 7 33 496 9
2399.08 8 36 502u3 9
2401.91 10 35 0 9
2403.54 7 33 0 -1
2403.54 7 33 33 9
2405.36 9 34 0 -1
2405.36 9 34 496 9
2406.14 9 34 72 9
2406.84 8 34 334 9
2443.71 11 38 0 9
2492.87 8 -34 292 9
2495.01 7 -33 30u3 9
2495.94 7 -33 30u2 9
2498.82 7 -33 30u1 9
2501.32 7 -33 30u0 9
2502.34 8 -34 0 9
2523.96 14 -102 292 9
2526.11 14 -102 0 9
2563.86 -41 -120 292 9
2566.39 -41 -120 0 9
2588.22 -39 -120 292 9
2590.24 -39 -120 0 9
2626.27 -128 -122 292 9
2628.72 -126 -122 0 9
2630.42 -128 -122 0 9
2665.95 -138 -120 292 9
2666.94 -138 -119 30u4 9
2668.67 -138 -120 0 9
2723.13 -23 -152 87 9
2723.13 -24 -152 292 9
2752.10 12 35 86 10
2753.22 11 36 291 10
2756.65 14 39 0 10
2770.49 6 39 48 10
2778.20 10 48 62 10
2781.04 5 50 406 10
2795.34 8 36 0 -1
2795.34 8 36 132 10
2796.94 10 34 126 10
2798.39 10 34 0 -1
2798.39 10 34 502u3 10
2800.54 7 35 0 -1
2800.54 7 35 126 10
2802.07 7 36 345 10
2802.80 8 35 344 10
2803.72 8 35 1316u0 10
2819.35 6 53 48 10
2841.77 11 85 64 10
2842.67 10 85 279 10
2845.28 7 84 30u4 10
2849.33 4 82 39 10
2851.12 4 82 0 10
2863.73 11 85 0 10
2899.08 8 130 167 10
2912.45 4 150 64 10
2913.43 5 150 30u4 10
2916.70 4 150 0 10
2918.57 2 152 64 10
2919.70 1 152 0 10
2921.50 2 152 0 10
2936.85 -15 162 64 10
2943.32 -16 161 53 10
2964.52 -48 195 57 10
2965.45 -47 194 53 10
2966.78 -48 195 58 10
2968.88 -50 195 53 10
2969.65 -49 196 57 10
2970.20 -51 196 53 10
2970.93 -49 196 58 10
2971.63 -49 196 0 10
2974.07 -48 195 59 10
2976.02 -48 195 0 10
2980.00 -52 198 54 10
2980.52 -51 198 57 10
2981.63 -53 198 54 10
2982.33 -51 198 58 10
2983.98 -51 198 0 10
2991.55 -49 199 54 10
2992.45 -51 200 57 10
2994.02 -50 201 54 10
2995.88 -51 200 58 10
2996.75 -51 200 0 10
3005.35 -32 186 58 10
3007.32 -33 186 0 10
3010.25 -32 186 0 10
3044.56 -3 161 58 10
3046.66 -4 161 138 10
3048.28 -4 161 137 10
3048.95 -3 161 0 -1
3048.95 -3 161 139 10
3049.33 -3 161 140 10
3050.18 -3 161 0 10
3084.93 4 76 34 10
3085.81 5 76 30u3 10
3087.40 4 76 0 10
3101.18 1 49 34 10
3102.28 1 51 141 10
3105.15 1 48 1262 10
3106.20 1 49 0 10
3146.93 8 36 131 10
3149.88 7 37 34 10
3154.48 8 36 151 10
3155.88 8 36 0 10
3160.45 9 35 150u1 10
3161.68 8 36 135 10
3163.00 7 37 0 10
3164.35 8 36 134 10
3165.45 7 37 34 10
3168.61 8 36 0 -1
3168.61 8 36 140 10
3169.46 8 36 147 10
3169.96 8 36 0 10
3172.30 7 37 0 10
3175.60 7 40 48 10
3184.51 0 52 62 10
3186.03 1 51 143 10
3187.20 1 51 142 10
3202.16 8 36 144 10
3203.50 9 35 150u0 10
3205.60 8 36 146 10
3206.53 9 35 150u1 10
3211.11 8 36 0 -1
3211.11 8 36 147 10
3211.56 8 36 148 10
3212.18 8 36 0 10
3227.39 11 38 127 10
3231.26 16 40 0 10
3247.06 7 75 292 10
3249.88 8 75 39 10
3252.54 8 75 0 10
3258.86 5 76 30u2 10
3260.18 5 76 30u1 10
3261.91 7 75 0 10
3270.83 -1 52 292 10
3280.33 0 52 0 -1
3280.33 0 52 151 10
3281.14 1 52 62 10
3283.13 0 52 0 10
3284.18 1 51 510 10
3286.74 1 51 509 10
3289.04 1 51 511 10
3293.51 0 52 514 10
3295.08 0 52 0 10
3308.19 8 36 514 10
3335.69 13 38 1254 10
3340.24 15 40 661u7 10
3341.46 13 38 487 10
3343.34 15 40 661 10
3345.64 14 40 140 10
3346.53 14 40 0 10
3350.66 9 37 140 10
3351.61 9 35 150u0 10
3352.93 7 37 135 10
3355.23 7 37 134 10
3357.58 9 37 0 10
3358.59 7 37 0 -1
3358.59 7 37 140 10
3360.06 7 37 147 10
3360.51 7 37 0 10
3397.03 3 88 39 10
3397.39 4 88 34 10
3398.19 3 88 0 10
3399.69 4 88 0 10
3420.04 -1 52 0 10
3431.06 -3 71 292 10
3432.36 -2 71 39 10
3433.44 -2 71 0 10
3434.64 -3 71 0 10
3436.79 -3 77 292 10
3439.89 -3 75 39 10
3442.58 -3 75 0 10
3446.07 -3 77 0 10
3447.59 -7 78 292 10
3448.88 -6 78 39 10
3450.16 -6 78 0 10
3451.36 -7 78 0 10
3453.47 -10 77 292 10
3456.09 -11 77 39 10
3456.91 -10 77 0 10
3457.81 -10 77 292 10
3458.22 -11 77 0 10
3458.88 -10 77 0 10
3462.41 -8 85 292 10
3464.79 -7 84 39 10
3466.49 -7 84 0 10
3467.91 -8 85 0 10
3537.24 12 34 292 10
3540.26 8 34 0 10
3542.42 13 33 3146 10
3543.59 13 34 334 10
3544.64 13 33 341 10
3546.24 13 35 344 10
3546.82 13 33 339 10
3548.51 13 35 1316u0 10
3549.97 13 33 338 10
3551.06 12 35 345 10
3554.06 13 34 0 10
3561.34 13 34 334 10
3564.72 13 34 0 10
3566.39 15 33 342 10
3567.94 13 34 334 10
3568.84 15 33 343 10
3571.57 13 35 1316u1 10
3573.51 15 33 338 10
3575.02 13 35 1316u2 10
3608.94 9 36 0 10
3615.79 14 42 235 10
3617.67 16 42 148 10
3621.43 15 41 441 10
3624.09 14 42 0 10
3632.32 -1 57 235 10
3634.84 -1 57 0 10
3642.77 4 76 235 10
3643.84 3 75 30u4 10
3646.74 3 75 30u3 10
3650.02 3 75 30u2 10
3652.14 5 76 30u0 10
3654.60 3 75 30u1 10
3656.52 4 76 0 10
3666.55 1 51 511 10
3674.72 15 39 3946 10
3703.62 1 51 511 10
3710.90 14 38 3946 10
3719.05 1 51 511 10
3727.89 13 39 3946 10
3736.82 1 51 511 10
3740.35 -2 49 382 10
3741.44 -3 48 30u0 10
3743.04 -2 49 0 10
3751.87 13 43 3946 10
3760.87 9 36 235 10
3799.84 3 52 406 10
3804.24 -3 47 132 10
3805.68 -3 48 279 10
3809.30 1 48 0 10
3842.30 12 34 0 10
3851.55 9 37 292 10
3853.33 7 37 34 10
3854.03 9 37 0 10
3862.80 14 37 0 -1
3862.80 14 37 292 10
3864.98 14 37 0 10
3876.67 5 10 411 10
3885.62 5 -7 1101 10
3887.47 6 -7 292 10
3895.13 4 -6 806 10
3897.23 4 -6 0 10
3899.73 6 -7 0 10
3900.47 5 -7 0 10
3938.57 13 47 1101 10
3942.15 14 44 292 10
3953.90 12 36 0 10
3958.02 13 47 1101u0 10
3961.30 13 46 1138 10
3962.53 13 47 1138 10
3963.82 12 47 1138 10
3966.48 15 44 235 10
3968.57 17 40 72 10
3970.12 17 40 1599u0 10
3970.61 18 40 0 10
3973.87 13 46 1136 10
3975.63 13 47 1136 10
3977.78 12 47 1136 10
3978.32 12 47 213 10
3978.98 13 47 213 10
3980.15 13 46 213 10
3983.73 15 43 850u3 10
3984.95 14 44 0 10
3992.25 0 58 292 10
3993.58 1 58 55 10
3995.05 1 58 55 10
3996.25 1 58 55 10
3997.38 0 58 0 10
4003.61 14 47 292 10
4005.28 13 47 214 10
4006.81 12 47 214 10
4007.61 14 47 0 10
4013.28 12 36 292 10
4016.98 9 37 57 10
4019.16 12 36 0 10
4020.18 12 36 292 10
4026.41 6 36 1262 10
4031.02 11 36 0 10
4033.07 15 35 291 10
4034.01 16 36 49 10
4036.25 11 36 61 10
4039.16 14 35 0 10
4041.61 10 37 75 10
4046.31 11 39 147 10
4046.93 10 38 45 10
4048.18 10 37 67 10
4049.60 11 36 78 10
4052.56 9 34 0 -1
4052.56 9 34 62 10
4055.28 11 36 82 10
4064.43 15 37 0 10
4078.58 14 35 291 10
4087.41 15 35 0 -1
4087.41 15 35 87 10
4101.80 12 28 49 11
4105.83 17 35 61 11
4110.10 14 32 291 11
4122.23 13 36 0 11
4123.58 13 36 326 11
4125.35 14 35 0 11
4126.85 11 36 1280 11
4130.81 6 36 0 11
4132.83 11 36 1281 11
4133.90 11 35 236 11
4134.95 11 36 1280 11
4135.56 10 35 1285 11
4148.03 12 36 0 11
4150.08 15 35 0 11
4155.16 23 42 357 11
4178.71 14 40 292 11
4181.81 11 39 0 11
4185.46 17 42 147 11
4187.31 14 40 0 11
4193.33 15 42 0 -1
4193.33 15 42 292 11
4203.53 14 37 74 11
4206.86 10 35 0 11
4209.39 10 35 236 11
4217.66 15 42 0 11
4224.79 14 42 292 11
4230.51 14 32 0 11
4253.34 12 64 291 11
4254.96 12 64 0 11
4273.16 6 95 291 11
4274.93 5 95 30u3 11
4280.41 6 95 0 11
4287.21 12 101 291 11
4294.09 12 102 39 11
4299.13 12 102 0 11
4300.91 12 101 0 11
4319.24 9 154 291 11
4322.91 10 153 806 11
4324.99 10 153 0 11
4326.59 9 154 3179 11
4329.19 9 154 3180 11
4332.28 9 154 0 11
4337.81 8 145 3180 11
4346.78 9 146 163 11
4349.46 8 145 0 11
4350.28 9 146 3176 11
4350.84 8 145 3180u1 11
4373.54 9 146 179 11
4379.27 9 146 196 11
4380.26 10 145 163 11
4380.84 8 145 0 11
4382.69 10 145 3176 11
4383.44 8 145 3180u0 11
4408.69 10 145 179 11
4411.61 10 145 196 11
4416.64 8 145 0 11
4436.57 6 95 3180u0 11
4437.81 5 95 30u2 11
4440.26 6 95 0 11
4457.24 13 64 3180u0 11
4464.02 14 64 163 11
4464.79 13 64 0 11
4465.31 14 64 3176 11
4475.42 12 36 291 11
4476.66 11 36 86 11
4477.21 12 36 1836u0 11
4483.26 7 37 0 11
4484.02 6 36 34 11
4487.22 7 37 180 11
4488.96 9 35 135 11
4490.26 7 37 182 11
4492.79 9 35 150u0 11
4493.82 7 37 181 11
4494.89 7 38 183 11
4499.72 6 37 180 11
4501.72 9 35 135 11
4503.49 6 37 182 11
4505.64 9 35 150u0 11
4507.61 6 37 181 11
4511.62 9 34 183 11
4512.59 9 35 135 11
4513.72 9 34 184 11
4515.24 9 35 150u0 11
4524.21 14 44 34 11
4526.16 13 43 30u4 11
4527.56 13 43 30u3 11
4529.11 14 44 0 11
4536.91 14 43 34 11
4538.21 14 42 0 11
4551.21 5 10 411u7 11
4565.12 14 48 1101 11
4565.97 15 47 292 11
4566.42 15 47 0 11
4567.25 15 47 292 11
4570.59 15 44 0 11
4573.45 14 48 1101u0 11
4574.51 14 47 1138 11
4576.79 14 48 1138 11
4578.25 14 46 1138 11
4579.00 15 45 235 11
4580.49 15 43 0 11
4582.74 14 48 1136 11
4584.54 14 48 213 11
4585.45 14 47 1136 11
4585.89 14 47 213 11
4586.77 14 46 1136 11
4588.52 14 46 213 11
4589.19 15 46 850u1 11
4597.35 16 36 49 11
4599.99 11 36 61 11
4604.39 14 37 0 11
4606.82 10 37 75 11
4608.37 9 37 0 -1
4608.37 9 37 74 11
4610.52 9 38 48 11
4611.49 10 37 67 11
4613.77 11 36 78 11
4622.62 10 34 0 -1
4622.62 10 34 62 11
4624.35 13 33 496 11
4625.12 13 34 0 -1
4625.12 13 34 502u3 11
4625.99 13 33 72 11
4626.57 13 33 0 -1
4626.57 13 33 334 11
4630.28 14 37 72 11
4631.87 14 38 30u4 11
4634.70 16 36 49 11
4636.95 11 36 0 -1
4636.95 11 36 61 11
4638.87 14 35 79 11
4642.49 9 37 0 11
4643.07 10 37 75 11
4643.55 9 37 74 11
4644.45 9 38 48 11
4645.24 10 37 67 11
4646.46 11 36 78 11
4650.04 14 37 0 -1
4650.04 14 37 62 11
4652.54 11 36 82 11
4653.69 10 36 0 11
4654.20 11 36 346 11
4656.89 10 38 45 11
4657.80 10 36 66 11
4660.67 14 38 30u3 11
4668.39 13 33 0 11
4670.30 10 36 72 11
4673.40 12 34 334 11
4677.15 10 37 0 11
4677.75 11 36 346 11
4679.40 10 36 82 11
4681.22 10 37 248 11
4701.87 6 36 0 11
4703.09 6 34 138 11
4708.75 6 34 137 11
4711.89 7 37 0 11
4721.27 6 36 185 11
4722.62 9 36 0 11
4732.79 1 51 511 11
4738.69 13 47 215 11
4745.97 6 36 0 -1
4745.97 6 36 235 11
4747.49 10 36 85 11
4748.85 9 36 197 11
4750.60 6 37 0 11
4752.17 10 36 85 11
4754.02 7 37 197 11
4755.10 6 37 852 11
4755.82 7 37 0 11
4757.47 7 37 190 11
4760.62 6 36 0 11
4764.10 6 36 235 11
4767.42 9 35 135 11
4775.59 15 43 135 11
4776.87 13 43 30u2 11
4777.85 15 44 31 11
4779.17 13 43 30u1 11
4780.30 14 44 31 11
4781.12 13 43 30u0 11
4782.53 14 45 31 11
4784.40 15 43 0 11
4785.98 15 44 35 11
4787.67 14 44 35 11
4789.30 14 45 35 11
4789.63 14 45 0 -1
4789.63 14 45 135 11
4791.05 14 46 216 11
4793.15 15 44 0 11
4796.22 14 47 216 11
4797.98 14 44 0 11
4800.69 14 48 216 11
4802.80 15 45 0 11
4809.13 1 51 511 11
4815.35 14 48 217 11
4821.70 1 51 511 11
4827.60 14 47 217 11
4832.93 1 51 511u3 11
4838.93 14 46 217 11
4845.00 1 51 511u3 11
4851.50 12 47 215 11
4853.40 14 44 235 11
4854.55 14 45 0 11
4859.68 8 34 135 11
4874.95 13 43 279 11
4877.07 14 44 0 11
4880.28 15 42 235 11
4885.53 13 35 1316u1 11
4887.00 13 35 1316u2 11
4889.17 11 31 45 11
4894.23 12 34 0 -1
4894.23 12 34 66 11
4894.95 12 34 72 11
4896.28 12 33 334 11
4897.55 12 33 0 11
4898.20 12 34 0 -1
4898.20 12 34 334 11
4899.98 13 37 281 11
4900.88 13 35 1316u1 11
4901.95 11 36 346 11
4927.37 7 -33 279 11
4971.70 80 -86 2142u5 11
4973.57 81 -85 2144 11
4974.21 80 -86 2142u4 11
4976.55 81 -86 2144 11
4984.45 75 -102 2157 -1
5024.07 49 -129 0 11
5045.61 79 -120 39 11
5047.58 79 -120 0 11
5077.61 80 -86 2142u3 11
5082.61 79 -83 2144 11
5131.08 58 -135 404 11
5137.26 59 -135 395 11
5140.93 58 -135 39 11
5142.54 58 -135 0 11
5173.68 24 -88 54 11
5174.31 25 -89 57 11
5178.06 25 -89 58 11
5178.48 25 -89 0 11
5192.14 5 -98 55 11
5192.68 6 -98 57 11
5193.81 4 -97 54 11
5210.59 6 -98 58 11
5211.24 6 -98 0 11
5228.46 -28 -84 58 11
5231.61 -27 -84 806 11
5235.73 -27 -84 0 11
5237.89 -28 -84 0 11
5263.13 9 -55 58 11
5265.69 9 -55 0 11
5312.41 6 38 192 11
5313.68 6 39 48 11
5314.96 6 38 0 -1
5314.96 6 38 62 11
5316.06 7 38 200 11
5316.91 7 38 0 -1
5316.91 7 38 191 11
5319.18 7 38 0 11
5320.89 7 37 191 11
5324.49 7 37 192 11
5325.56 7 37 0 11
5326.62 8 38 203 11
5327.24 7 37 191 11
5329.02 8 38 0 11
5332.27 9 34 207 11
5334.86 7 38 207 11
5341.88 7 37 0 11
5345.21 7 37 191 11
5349.64 13 35 1316u0 11
5351.66 11 36 346 11
5373.19 15 47 0 11
5382.51 14 39 292 11
5384.44 12 38 48 11
5388.69 15 43 64 11
5389.41 14 43 0 11
5390.04 15 43 67 11
5391.31 15 43 69 11
5391.66 15 43 107 11
5392.29 14 43 34 11
5392.94 15 43 0 11
5396.57 15 48 107 11
5401.69 14 41 33 11
5405.66 15 48 486 11
5407.41 16 48 33 11
5408.42 16 48 0 11
5409.97 15 47 33 11
5444.31 14 39 0 11
5456.54 5 10 411u6 11
5470.51 13 45 1101 11
5471.72 15 45 292 11
5473.93 15 42 0 11
5476.02 13 45 1101u0 11
5477.36 13 44 1138 11
5479.54 13 45 1138 11
5481.32 12 46 1138 11
5483.52 14 44 235 11
5484.51 15 46 0 11
5485.69 13 45 1136 11
5486.59 13 45 213 11
5488.04 13 44 1136 11
5488.89 13 44 213 11
5491.92 12 46 1136 11
5493.17 12 46 213 11
5496.37 16 45 851 11
5505.04 13 47 55 11
5506.79 13 48 57 11
5507.87 13 47 55 11
5509.19 13 46 214 11
5510.37 13 47 55 11
5511.79 12 46 214 11
5513.57 13 47 55 11
5515.37 13 45 214 11
5516.74 13 47 55 11
5518.79 13 44 214 11
5527.87 15 45 0 11
5532.35 12 54 292 11
5536.46 12 54 0 11
5542.82 13 64 292 11
5543.45 14 64 179 11
5545.00 14 64 196 11
5545.91 13 64 0 11
5570.07 9 133 292 11
5573.20 9 132 39 11
5575.29 9 132 0 11
5577.19 9 133 0 11
5594.27 1 157 292 11
5598.35 0 157 806 11
5601.10 0 157 0 11
5603.67 1 157 0 11
5613.30 4 174 292 11
5614.77 3 174 0 11
5617.57 4 174 0 11
5629.55 -20 178 292 11
5630.70 -20 179 0 11
5633.94 -20 178 0 11
5636.72 -22 178 292 11
5640.65 -24 179 53 11
5646.02 -21 177 57 11
5652.04 -21 177 0 11
5654.99 -22 178 0 11
5667.70 -19 200 292 11
5668.85 -19 201 54 11
5669.34 -18 200 57 11
5670.60 -20 200 54 11
5671.77 -18 200 58 11
5672.47 -18 200 0 11
5676.95 -19 200 0 11
5705.85 -22 206 292 11
5706.43 -21 207 30u4 11
5709.74 -21 206 31 11
5710.35 -22 206 0 11
5809.77 10 36 292 11
5814.27 13 35 344 11
5815.40 11 36 346 11
5822.98 7 37 192 11
5823.88 7 37 0 11
5825.08 7 38 203 11
5826.07 7 37 191 11
5827.60 7 38 0 11
5836.83 5 36 57 11
5858.22 13 37 238 11
5859.80 13 37 281 11
5867.68 15 36 0 11
5877.70 15 36 67 11
5907.83 7 40 48 11
5940.90 -92 40 64 11
5949.23 -94 39 39 11
5952.26 -94 39 0 11
5954.18 -92 40 0 11
6035.31 14 42 64 11
6051.08 13 48 0 11
6059.03 5 36 58 11
6059.83 5 36 0 11
6062.34 7 37 192 11
6069.20 6 35 180 11
6070.99 9 35 0 11
6072.26 6 35 182 11
6073.75 9 35 135 11
6074.80 6 35 181 11
6075.93 5 36 183 11
6077.08 6 35 0 11
6085.60 6 37 0 -1
6085.60 6 37 181 11
6087.48 6 37 0 11
6088.88 6 35 185 11
6095.68 7 37 0 -1
6095.68 7 37 160 11
6097.58 6 37 192 11
6102.03 8 38 807 11
6103.03 10 36 0 11
6105.34 4 35 411 11
6112.68 14 45 1101 11
6113.98 15 44 292 11
6115.19 14 44 0 11
6116.36 14 45 1101u0 11
6117.14 14 44 1138 11
6118.64 15 43 235 11
6119.36 15 44 0 11
6120.13 14 43 0 -1
6120.13 14 43 292 11
6121.21 14 43 0 11
6121.98 15 42 292 11
6123.64 16 42 0 -1
6123.64 16 42 34 11
6124.68 16 42 0 -1
6124.68 16 42 148 11
6125.88 16 43 34 11
6128.65 15 42 0 11
6134.76 6 35 0 -1
6134.76 6 35 292 11
6137.13 11 36 85 11
6138.18 10 36 197 11
6141.09 5 35 852 11
6141.69 6 35 0 11
6142.53 4 35 411u7 11
6148.53 14 43 1101 11
6149.19 15 43 0 -1
6149.19 15 43 292 11
6149.98 14 43 1101u0 11
6151.88 14 44 1101u0 11
6152.31 15 44 235 11
6161.29 9 38 48 11
6164.36 12 34 0 -1
6164.36 12 34 64 11
6164.96 12 34 72 11
6165.26 12 34 0 -1
6165.26 12 34 334 11
6166.48 11 36 82 11
6167.93 13 35 0 11
6170.06 11 36 346 11
6173.24 15 36 0 11
6176.49 11 36 346 11
6178.58 13 37 282 11
6179.48 11 38 0 -1
6179.48 11 38 248 11
6180.76 13 37 293 11
6195.71 15 43 0 11
6214.64 15 80 292 11
6219.64 18 70 0 11
6224.43 16 80 64 11
6225.34 15 80 0 11
6260.44 14 40 292 11
6263.79 15 40 661u7 11
6264.83 15 40 661u6 11
6266.47 15 40 661u5 11
6267.84 15 40 661u4 11
6269.18 15 40 661u3 11
6273.02 16 40 34 11
6273.68 15 40 661u2 11
6275.47 15 40 661u1 11
6277.12 15 40 661u0 11
6278.94 15 40 661u1 11
6287.02 14 38 30u2 11
6288.89 14 40 0 11
6317.22 -1 81 292 11
6320.79 0 80 1096u0 11
6322.14 0 80 1096u1 11
6323.64 0 80 1096u2 11
6326.37 0 80 1096u3 11
6328.11 0 80 1096u4 11
6329.79 0 80 1096u5 11
6332.72 0 80 1096u6 11
6333.56 -1 81 0 11
6362.24 14 37 292 11
6363.49 14 38 30u1 11
6368.99 14 38 30u0 11
6370.34 14 37 0 11
6371.29 14 40 292 11
6372.11 15 40 661u0 11
6373.12 15 40 33 11
6374.36 15 40 0 11
6375.11 14 40 0 11
6378.41 13 35 292 11
6380.59 13 34 0 -1
6380.59 13 34 151 11
6386.27 13 34 0 -1
6386.27 13 34 502u3 11
6389.06 13 35 0 11
6409.81 0 81 292 11
6411.76 0 80 1096u7 11
6413.81 0 80 1096 11
6415.79 0 80 3963 11
6419.94 0 81 0 11
6439.20 13 34 0 -1
6439.20 13 34 292 11
6458.64 0 80 662 11
6466.25 16 73 1159 11
6479.29 14 36 0 -1
6479.29 14 36 502u2 11
6480.17 14 37 239 11
6480.99 13 37 299 11
6481.99 15 36 127 11
6485.45 15 39 30u4 11
6487.07 15 39 30u3 11
6489.74 14 39 31 11
6506.24 16 45 0 11
6508.14 16 45 851 11
6509.57 15 44 0 11
6516.99 1 51 511u3 11
6524.02 13 46 215 11
6530.72 1 51 511u3 11
6537.50 12 46 215 11
6545.15 1 51 511u3 11
6550.90 13 45 215 11
6556.05 14 39 0 -1
6556.05 14 39 235 11
6559.45 14 39 0 11
6568.69 1 51 511u3 11
6574.84 13 44 215 11
6588.14 14 35 235 11
6597.45 11 37 0 11
6598.05 13 37 305 11
6600.80 16 36 49 11
6602.67 11 37 61 11
6607.40 12 36 291 11
6609.30 8 38 0 -1
6609.30 8 38 291 11
6611.09 8 38 3179 11
6616.02 16 40 0 11
6620.15 8 38 3180 11
6620.57 7 38 34 11
6638.54 6 38 151 11
6640.38 5 38 198 11
6642.65 5 36 0 -1
6642.65 5 36 200 11
6643.47 5 37 183 11
6646.24 6 35 203 11
6648.34 7 34 203 11
6665.89 56 35 87 11
