startTime: 1614763638.18
15.57 3 2 48 33
18.06 4 -1 64 33
18.66 2 -1 48 33
19.74 5 -1 64 33
30.45 11 36 558 -1
33.29 10 35 0 33
45.17 17 47 0 33
47.24 16 43 1120 33
94.51 19 46 48 33
96.00 16 45 64 33
101.02 18 37 878 33
107.09 19 39 0 33
109.04 18 39 2187u0 33
109.70 20 39 2190 33
113.89 22 38 0 33
141.19 26 45 4154 33
142.72 26 45 779 33
152.32 19 39 684 33
153.44 20 39 0 33
155.40 20 39 236 33
170.89 26 45 4154 33
231.75 20 39 0 -1
231.75 20 39 1422 33
233.47 18 39 2188 33
237.05 21 40 2190 33
239.90 20 39 0 33
241.52 19 39 0 -1
241.52 19 39 1422 33
242.59 19 39 0 33
247.12 5 38 1422 33
249.07 6 37 2742u1 33
250.43 6 37 2742u0 33
252.10 5 38 0 33
275.22 -11 80 1422 33
280.02 -11 80 0 33
284.84 -38 80 1422 33
287.17 -40 80 3956 33
289.90 -40 80 3957 33
297.28 -34 80 0 33
298.75 -39 80 1422 33
304.15 -39 80 0 33
323.95 26 45 779 33
336.57 15 35 0 33
343.52 21 40 0 33
346.65 21 40 236 33
351.50 16 35 0 33
352.87 15 35 67 33
356.83 17 36 0 33
359.74 13 34 317 33
362.00 18 31 49 33
368.20 17 35 0 -1
368.20 17 35 61 33
368.90 16 35 560 33
375.03 20 34 48 33
376.53 18 33 64 33
378.62 18 33 67 33
381.53 20 34 48 33
385.28 17 34 0 -1
385.28 17 34 62 33
390.60 15 35 75 33
392.90 17 34 0 -1
392.90 17 34 74 33
393.88 15 35 67 33
394.85 17 35 78 33
396.72 13 32 62 33
397.89 11 31 45 33
400.42 15 34 0 -1
400.42 15 34 66 33
400.88 15 34 72 33
401.28 15 34 0 -1
401.28 15 34 71u3 33
402.42 17 35 82 33
406.82 10 42 1316u1 33
411.38 17 35 346 33
432.32 6 39 0 33
433.10 6 41 4067u0 33
437.98 6 38 0 33
442.76 15 34 0 -1
442.76 15 34 496 33
443.01 15 34 72 33
443.57 15 34 0 -1
443.57 15 34 71u3 33
446.95 14 37 72 33
447.91 13 37 238 33
449.55 14 37 0 33
449.98 13 37 281 33
452.56 15 35 0 33
453.46 17 35 346 33
456.88 13 37 282 33
457.88 14 37 248 33
460.10 13 37 293 33
474.81 21 70 0 33
476.13 22 68 64 33
476.81 21 69 48 33
477.46 22 69 64 33
481.87 32 73 49 33
485.12 31 81 61 33
492.56 18 79 224 33
495.18 18 79 244 33
513.30 20 39 225 33
514.08 18 39 0 33
515.86 18 39 2188 33
516.50 18 39 2193 33
522.46 19 39 2192 33
524.11 20 39 0 33
530.50 9 32 225 33
532.20 7 29 45 33
537.03 9 32 226 33
538.48 12 32 66 33
540.23 9 32 297 33
541.31 9 34 227 33
547.58 18 37 876 33
548.11 11 36 558 -1
559.51 16 43 235 33
560.80 16 43 1120 33
568.78 17 45 150u1 33
570.90 16 43 1247 33
573.58 17 45 150 33
580.18 15 52 0 33
589.15 9 32 0 33
593.65 21 33 0 -1
593.65 21 33 245 33
594.71 20 33 0 -1
594.71 20 33 66 33
595.35 21 33 251 33
595.73 21 33 0 -1
595.73 21 33 33 33
597.86 18 37 878 33
599.66 20 39 251 33
607.66 16 50 0 33
610.48 15 51 0 33
611.89 16 52 0 33
639.23 21 38 292 33
642.80 17 39 1099u5 33
644.23 20 39 252 33
644.88 20 39 0 -1
644.88 20 39 235 33
645.68 19 38 264 33
646.96 21 40 264 33
649.63 22 38 252u1 33
654.41 15 35 290 33
655.23 14 36 236 33
658.78 14 36 1602u0 33
660.09 13 37 299 33
663.10 15 38 0 33
663.83 13 37 238 33
664.89 14 37 0 -1
664.89 14 37 298 33
667.53 11 35 67 33
669.28 14 37 0 33
670.74 14 37 300 33
673.24 15 38 292 33
673.83 14 37 301 33
675.98 13 34 316 33
685.56 10 42 1316u0 33
689.84 17 35 346 33
691.89 14 36 0 33
693.34 14 36 1602u0 33
694.73 14 36 236 33
696.53 13 34 319 33
706.33 15 33 0 33
709.64 15 32 0 -1
709.64 15 32 458 33
713.51 15 33 4223 33
713.83 15 33 0 33
714.58 15 33 4223 33
724.04 18 39 2189 33
727.26 17 39 0 -1
727.26 17 39 2192 33
728.71 18 39 0 -1
728.71 18 39 1099u5 33
730.06 19 39 0 -1
730.06 19 39 2189 33
733.28 22 37 2192 33
736.08 19 39 0 33
736.91 19 39 2189 33
739.39 19 39 0 33
745.04 19 39 2189 33
749.26 20 39 4056 33
751.13 20 39 4057 33
752.59 20 39 0 33
753.73 21 40 802 33
754.28 20 39 235 33
755.93 20 39 4056 33
757.06 20 39 4057 33
759.29 20 39 0 33
760.23 19 38 802 33
761.80 20 39 235 33
769.58 6 41 496 33
781.38 15 34 0 -1
781.38 15 34 496 33
781.79 15 34 72 33
782.20 15 34 0 -1
782.20 15 34 71u3 33
785.08 18 40 247 33
786.81 17 38 0 33
788.38 17 35 346 33
790.63 18 40 249 33
791.84 17 38 248 33
795.08 19 38 0 33
805.86 18 40 250 33
808.44 21 40 0 33
809.54 18 40 250 33
823.79 6 41 0 33
830.86 15 34 0 -1
830.86 15 34 496 33
831.44 15 34 72 33
831.86 15 34 0 -1
831.86 15 34 71u3 33
834.78 13 37 281 33
836.06 11 35 0 33
838.24 17 35 346 33
839.69 13 37 282 33
841.99 11 35 248 33
845.16 13 37 293 33
858.12 14 41 0 33
861.08 15 34 0 -1
861.08 15 34 496 33
861.52 15 34 72 33
867.99 12 32 0 33
873.87 15 36 0 -1
873.87 15 36 66 33
878.47 15 36 72 33
878.91 15 36 0 -1
878.91 15 36 71u3 33
880.12 15 34 1599u0 33
884.01 8 29 99 33
885.46 7 28 96 33
886.32 6 28 406 33
896.76 15 36 0 -1
896.76 15 36 132 33
897.31 15 36 72 33
897.64 15 36 0 -1
897.64 15 36 71u3 33
898.99 15 34 1599u1 33
900.57 13 37 299 33
901.79 13 38 127 33
904.99 13 37 305 33
908.69 11 35 0 33
911.07 17 35 346 33
914.44 13 37 304 33
916.79 11 35 248 33
920.92 13 34 0 33
922.69 13 37 304 33
924.72 13 34 321 33
926.16 15 35 0 33
927.07 13 37 304 33
928.21 13 36 309 33
929.59 13 35 0 -1
929.59 13 35 239 33
930.29 13 36 313 33
931.36 15 35 441u3 33
934.26 13 34 325 33
935.17 12 33 236 33
936.41 13 34 235 33
937.74 13 35 0 -1
937.74 13 35 326 33
938.52 13 35 0 33
939.44 13 37 304 33
941.24 13 35 328 33
942.54 13 36 291 33
944.34 13 33 0 -1
944.34 13 33 2218 33
945.74 13 32 581 33
946.42 13 33 0 33
946.89 13 33 314 33
947.84 13 35 0 33
949.54 13 36 330 33
951.31 15 35 0 -1
951.31 15 35 239 33
952.26 13 36 331 33
952.91 13 36 854 33
953.69 13 36 445 33
954.34 13 36 444 33
955.03 13 36 446 33
955.67 13 36 447 33
956.42 13 36 448 33
957.11 13 36 499 33
958.41 13 35 441u3 33
964.76 8 42 1316u1 33
969.91 17 35 346 33
973.59 18 33 0 33
976.14 13 35 0 -1
976.14 13 35 67 33
977.95 10 35 441u3 33
979.51 13 36 291 33
980.96 13 35 502 33
986.36 13 33 0 33
987.34 13 33 314 33
1000.54 17 46 0 33
1003.67 17 46 64 33
1044.50 13 34 0 33
1048.95 11 47 0 33
1053.39 11 47 1138 33
1057.04 9 51 1101u0 33
1059.49 7 51 1138 33
1060.62 9 51 1138 33
1063.27 9 52 1138 33
1064.87 9 50 235 33
1103.20 18 45 0 33
1104.27 18 45 227 33
1105.74 15 46 0 33
1110.32 7 51 1136 33
1111.25 7 51 213 33
1114.65 11 50 850u2 33
1117.35 11 36 558 -1
1121.47 11 31 45 33
1124.92 15 33 0 -1
1124.92 15 33 62 33
1135.92 8 50 4223 33
1142.90 17 45 150u1 33
1147.10 8 50 4237 33
1148.05 8 50 0 -1
1148.05 8 50 135 33
1149.49 7 51 4225 33
1151.75 9 50 0 33
1154.42 1 51 511u1 33
1158.38 7 51 4226 33
1159.99 9 50 235 33
1164.35 11 50 0 33
1170.12 13 52 213 33
1173.64 10 50 850u1 33
1207.95 4 55 48 33
1228.17 11 49 64 33
1243.38 11 49 0 33
1244.47 11 49 64 33
1250.55 13 37 238 33
1251.60 13 37 303 33
1255.15 14 35 0 33
1277.02 16 34 0 33
1279.67 19 38 152 33
1289.52 19 38 0 33
1290.35 18 37 876 33
1291.67 18 37 878 33
1306.80 2 42 1329 33
1308.65 2 44 151 33
1311.15 2 42 1331 33
1313.83 2 44 0 33
1314.65 2 44 152 33
1317.02 2 42 1332 33
1318.35 11 36 558 -1
1324.53 11 40 1335 33
1326.27 11 36 558 -1
1332.97 16 43 0 33
1334.48 11 36 558 -1
1355.55 8 37 1360 33
1357.05 11 37 235 33
1358.23 11 36 558 33
1361.15 11 35 0 33
1362.03 11 36 558 -1
1363.76 11 37 0 -1
1363.76 11 37 67 33
1365.32 11 34 0 -1
1365.32 11 34 235 33
1366.97 11 34 0 -1
1366.97 11 34 291 33
1372.57 14 35 235 33
1396.40 18 44 34 33
1398.25 18 44 0 33
1400.60 17 46 0 33
1402.85 17 47 64 33
1404.60 15 50 0 33
1411.12 14 35 1120 33
1432.15 8 50 0 33
1433.63 11 49 2957 33
1436.86 12 49 135 33
1438.30 11 49 0 33
1440.76 11 49 2965 33
1442.71 11 49 0 33
1443.46 11 49 2992 33
1444.60 12 49 0 33
1462.71 14 35 1247 33
1465.38 11 35 135 33
1466.37 14 35 0 33
1468.50 9 35 1247 33
1484.85 2 44 0 33
1494.80 11 36 558 33
1518.33 8 38 1330 33
1519.56 11 36 558 -1
1522.91 13 34 151 33
1524.78 9 35 0 33
1525.86 11 36 558 -1
1545.20 10 38 1359 33
1548.93 11 36 558 -1
1551.10 9 35 235 33
1551.86 11 36 558 -1
1553.65 8 38 1332 33
1561.73 11 36 558 -1
1565.15 13 34 0 33
1565.68 13 34 152 33
1568.19 11 36 558 -1
1572.33 11 36 558 -1
1574.10 11 35 0 -1
1574.10 11 35 34 33
1575.79 11 36 558 -1
1578.78 11 36 558 -1
1583.01 16 35 0 -1
1583.01 16 35 135 33
1586.64 11 36 558 -1
1589.50 8 38 1340 33
1591.36 9 38 1352 33
1605.24 11 36 558 -1
1610.28 18 38 236 33
1610.98 20 38 0 33
1613.58 11 36 558 -1
1616.78 9 39 292 33
1617.83 8 38 1340u3 33
1620.99 8 38 1340u2 33
1623.91 8 38 1340u1 33
1626.21 8 38 1340u0 33
1626.66 11 36 558 -1
1629.98 12 32 1342 33
1632.13 11 36 558 -1
1633.76 8 38 1343 33
1635.49 11 36 558 -1
1639.18 12 31 1342 33
1697.91 7 43 560 33
1702.43 7 43 0 33
1724.84 12 28 49 33
1727.33 13 31 61 33
1734.48 22 40 0 33
1744.11 3 19 292 33
1745.46 2 19 409u1 33
1746.49 2 19 409u0 33
1747.42 2 19 408 33
1749.28 3 19 0 33
1761.41 15 36 0 -1
1761.41 15 36 292 33
1762.19 14 35 71u3 33
1763.31 15 35 0 33
1764.64 16 35 0 -1
1764.64 16 35 239 33
1766.21 15 33 135 33
1769.77 19 34 49 33
1770.67 17 35 61 33
1775.14 20 34 48 33
1777.11 18 34 62 33
1778.08 17 33 67 33
1779.27 18 34 0 -1
1779.27 18 34 67 33
1780.26 17 34 0 -1
1780.26 17 34 62 33
1780.62 18 34 75 33
1781.22 17 34 0 -1
1781.22 17 34 74 33
1782.46 18 34 67 33
1783.72 17 35 78 33
1785.16 16 34 62 33
1786.12 15 34 1599u0 33
1788.92 17 35 82 33
1796.84 6 37 402 33
1805.08 10 42 344 33
1809.44 17 35 346 33
1810.42 15 34 72 33
1816.01 15 35 126 33
1817.24 13 37 238 33
1820.59 12 35 0 33
1821.49 15 35 233 33
1823.12 15 34 0 -1
1823.12 15 34 33 33
1827.49 13 37 281 33
1832.24 15 34 0 -1
1832.24 15 34 126 33
1832.67 15 34 233 33
1838.51 15 33 0 -1
1838.51 15 33 126 33
1844.59 15 33 233 33
1848.69 18 34 0 33
1850.76 17 35 346 33
1852.66 13 37 282 33
1854.66 16 35 0 -1
1854.66 16 35 248 33
1855.29 15 35 0 33
1856.86 13 37 282 33
1858.24 15 35 235 33
1859.19 15 34 0 33
1861.12 13 37 282 33
1862.94 15 34 235 33
1864.19 15 33 0 33
1866.94 13 37 282 33
1869.47 15 33 235 33
1876.56 13 38 0 -1
1876.56 13 38 239 33
1877.27 13 37 293 33
1884.32 6 37 0 33
1886.77 4 35 0 33
1891.19 0 27 141 33
1896.09 4 36 399 33
1901.77 5 35 235 33
1904.47 13 34 0 33
1905.81 13 34 152 33
1913.49 22 38 0 33
1915.39 21 40 252u1 33
1916.11 21 39 0 33
1916.82 21 39 292 33
1918.41 20 39 4056 33
1919.07 22 39 0 33
1919.67 20 39 4057 33
1922.32 21 40 0 -1
1922.32 21 40 34 33
1925.06 18 38 264 33
1925.56 19 38 252u0 33
1926.77 20 39 0 33
1927.64 18 38 802 33
1928.26 20 38 235 33
1935.52 18 40 247 33
1940.06 16 35 0 33
1940.45 17 35 346 33
1942.79 18 40 249 33
1944.77 18 38 0 -1
1944.77 18 38 248 33
1960.90 18 40 250 33
1966.57 16 34 236 33
1973.47 11 36 558 -1
1977.79 9 39 0 33
1978.44 11 36 558 -1
1984.49 20 39 292 33
1985.77 18 39 0 33
1987.22 18 39 1099u5 33
1987.90 20 39 0 33
1991.09 11 36 558 -1
1998.97 25 48 1112u0 33
2004.86 17 46 1113 33
2011.42 17 46 1114 33
2034.20 15 38 0 33
2037.97 11 36 558 33
2040.44 8 38 0 33
2041.14 11 36 558 -1
2045.65 20 29 1345 33
2055.07 15 38 292 33
2059.87 14 41 560 33
2068.05 16 35 803u2 33
2070.04 15 36 0 33
2071.19 15 36 292 33
2077.87 16 43 198 33
2103.47 37 55 87 33
13415.27 3 2 48 34
13416.46 5 2 64 34
13417.17 5 1 64 34
13419.31 5 1 4062u0 34
13421.84 2 -1 48 34
13424.11 5 -1 4062u0 34
13435.96 11 36 558 -1
13442.74 16 43 0 34
13459.64 16 35 0 34
13463.44 13 34 0 34
13470.83 17 46 0 -1
13470.83 17 46 152 34
13476.26 9 50 1120 34
13476.57 9 50 0 34
13480.52 16 46 1120 34
13481.81 17 45 150u0 34
13482.57 16 46 1247 34
13483.51 17 45 150u1 34
13485.97 16 46 0 34
13493.23 11 35 0 -1
13493.23 11 35 1247 34
13494.71 13 34 34 34
13501.91 25 48 848 34
13505.99 16 46 1113 34
13513.66 17 45 150u0 34
13515.33 16 46 1114 34
13516.26 17 45 150u1 34
13522.12 19 34 49 34
13523.66 16 35 61 34
13525.57 20 34 48 34
13526.57 18 34 64 34
13528.37 17 34 0 34
13530.96 17 34 74 34
13533.14 14 35 0 34
13534.51 18 34 72 34
13535.89 17 34 0 -1
13535.89 17 34 71u2 34
13537.92 17 33 75 34
13539.76 18 34 0 -1
13539.76 18 34 74 34
13541.32 18 35 72 34
13542.99 20 34 48 34
13544.64 17 33 67 34
13547.51 16 35 78 34
13549.89 18 36 62 34
13550.94 18 35 0 34
13552.66 16 35 82 34
13562.81 21 38 0 -1
13562.81 21 38 292 34
13564.07 20 39 292 34
13565.31 21 38 0 34
13566.04 21 39 0 -1
13566.04 21 39 292 34
13567.11 22 39 292 34
13568.59 20 38 1354 34
13568.97 20 38 0 34
13574.92 17 35 1354 34
13575.17 17 35 0 -1
13575.17 17 35 87 34
13596.12 17 36 1354 35
13603.26 14 40 59 35
13610.19 20 39 0 35
13613.17 17 35 0 35
13614.77 17 35 357 35
13616.06 17 36 0 -1
13616.06 17 36 292 35
13617.20 16 35 85 35
13619.61 20 38 1355 35
13622.86 17 36 0 35
13623.26 17 35 0 35
13627.66 28 31 357 35
13628.36 29 31 0 -1
13628.36 29 31 292 35
13629.07 29 31 0 35
13631.11 34 31 0 -1
13631.11 34 31 292 35
13632.14 34 31 0 35
13632.79 35 30 0 -1
13632.79 35 30 292 35
13633.56 35 30 0 35
13639.59 17 35 292 35
13647.39 15 35 1354 35
13647.67 15 35 0 35
13647.92 16 35 85 35
13648.40 15 35 1355 35
13654.62 15 34 1354 35
13654.95 15 34 0 35
13655.34 16 35 85 35
13655.91 15 34 1355 35
13660.12 14 32 0 35
13662.00 14 32 345 35
13664.79 19 34 49 35
13672.32 15 45 0 35
13673.72 15 46 292 35
13674.72 17 46 0 35
13676.87 11 36 558 -1
13683.00 6 37 152 35
13684.64 4 36 400u3 35
13686.39 4 37 402 35
13687.14 4 36 400u2 35
13688.37 4 37 2742u0 35
13689.17 4 36 400u1 35
13691.15 4 37 2742u1 35
13691.80 4 36 400u0 35
13692.90 4 37 2742u2 35
13693.69 4 36 848 35
13694.24 4 37 2742u3 35
13701.79 6 37 0 35
13734.25 -4 27 152 35
13737.64 -4 27 0 35
13768.79 4 23 1329 35
13771.50 8 24 151 35
13773.69 4 23 1331 35
13779.74 4 23 1332 35
13786.24 11 36 558 -1
13789.17 11 36 558 -1
13791.30 11 39 1335 35
13792.30 11 36 558 35
13795.59 11 35 0 35
13796.19 11 36 558 -1
13822.42 8 39 1360 35
13822.94 11 36 558 -1
13827.62 14 31 235 35
13833.30 12 31 0 -1
13833.30 12 31 148 35
13833.90 14 31 1354 35
13834.59 12 31 0 35
13836.42 12 32 0 35
13838.25 15 33 1354 35
13840.38 17 35 0 35
13841.14 14 35 292 35
13843.12 19 34 49 35
13845.69 17 35 61 35
13846.35 17 34 0 35
13848.27 20 33 72 35
13850.42 17 34 71u2 35
13852.07 20 33 0 35
13854.17 16 35 72 35
13856.37 18 31 49 35
13857.68 20 33 61 35
13858.45 17 33 0 35
13860.27 17 36 67 35
13861.73 18 34 0 35
13863.35 17 36 75 35
13863.95 18 35 74 35
13866.12 20 34 48 35
13868.37 17 36 67 35
13869.57 17 35 78 35
13870.53 16 35 0 -1
13870.53 16 35 62 35
13874.57 17 35 82 35
13879.00 10 42 0 35
13883.65 17 35 346 35
13888.83 16 46 0 35
13889.75 16 46 1115 35
13890.65 17 45 150u0 35
13892.05 16 46 1118 35
13892.82 17 46 135 35
13894.02 16 46 1115 35
13900.23 26 47 1119 35
13908.85 10 50 0 35
13917.85 24 48 1136 35
13918.35 24 48 213 35
13919.92 27 48 850u1 35
13921.10 26 47 0 35
13921.83 24 48 1109 35
13923.47 27 48 0 35
13926.72 20 45 850u1 35
13932.60 15 35 0 35
13935.48 15 35 235 35
13942.88 16 44 0 35
13944.90 11 36 558 -1
13956.40 8 23 292 35
13959.38 12 28 49 35
13974.73 14 41 0 -1
13974.73 14 41 61 35
13985.93 4 23 1340 35
13989.15 8 23 0 35
13991.03 6 23 292 35
13992.05 4 23 1340u3 35
13993.42 4 23 1340u2 35
13994.63 4 23 1340u1 35
13999.28 1 24 123 35
14000.82 1 24 122 35
14003.88 7 23 124 35
14004.91 6 23 0 35
14014.96 18 37 876 35
14016.47 18 37 878 35
14021.53 8 34 0 35
14028.43 7 23 292 35
14029.25 7 23 0 35
14031.33 4 22 292 35
14032.45 4 23 1340u0 35
14034.25 4 23 1343 35
14035.57 4 22 0 35
14043.50 20 39 292 35
14044.82 20 38 0 35
14050.08 22 40 235 35
14057.05 22 40 1354 35
14057.61 22 40 0 35
14061.55 16 35 1354 35
14063.88 14 31 0 35
14064.87 16 33 0 -1
14064.87 16 33 1354 35
14065.98 16 32 160 35
14077.16 15 35 1354 35
14081.45 17 33 560 35
14083.76 17 33 0 35
14085.25 14 32 0 -1
14085.25 14 32 560 35
14088.60 15 40 1317u0 35
14098.26 9 35 0 35
14102.13 5 35 1603u0 35
14102.43 5 35 0 35
14114.30 14 34 0 -1
14114.30 14 34 1603u0 35
14115.65 12 35 207 35
14116.46 14 34 235 35
14123.23 1 29 141u2 35
14127.78 11 36 558 -1
14137.96 24 48 1110 35
14153.08 13 33 0 -1
14153.08 13 33 235 35
14156.23 14 34 317 35
14156.63 14 34 0 35
14160.18 14 34 317 35
14165.21 14 37 302 35
14167.63 14 34 316 35
14169.18 12 33 0 35
14170.30 14 34 319 35
14171.18 14 34 0 35
14172.86 13 35 0 -1
14172.86 13 35 319 35
14174.66 11 35 502 35
14178.26 15 34 0 35
14179.95 15 34 235 35
14181.95 16 35 0 35
14182.38 17 35 85 35
14182.90 16 35 1355 35
14183.61 15 35 0 35
14184.11 17 35 85 35
14184.63 15 35 1355 35
14185.65 16 33 0 35
14186.73 17 35 85 35
14187.25 16 34 0 -1
14187.25 16 34 1355 35
14188.53 14 34 236 35
14189.18 15 33 0 35
14190.93 17 35 85 35
14192.31 15 33 1355 35
14193.48 13 33 0 35
14196.38 18 39 1099u4 35
14203.66 17 35 730 35
14214.08 13 38 0 35
14219.03 16 33 239 35
14221.29 15 34 0 35
14224.75 20 38 235 35
14228.33 22 40 292 35
14231.66 20 38 1354 35
14232.90 21 40 0 35
14234.99 21 40 34 35
14235.89 20 38 0 35
14238.89 15 34 1354 35
14240.71 15 33 0 35
14242.06 15 33 235 35
14283.91 25 44 0 35
14285.00 27 44 486 35
14285.86 26 44 33 35
14289.36 27 44 0 35
14289.36 27 44 f1596 35
14290.29 28 44 107 35
14291.41 26 44 0 35
14292.21 28 44 486 35
14292.84 27 43 33 35
14295.68 28 44 0 35
14295.68 28 44 f1596 35
14296.44 29 44 107 35
14297.46 27 43 0 35
14298.51 29 44 486 35
14299.63 28 44 33 35
14303.51 29 44 0 35
14303.51 29 44 f1596 35
14331.48 30 44 107 35
14338.88 14 41 684u3 35
14340.38 14 39 0 35
14347.81 17 35 86 35
14351.04 18 34 235 35
14353.96 18 34 0 35
14358.36 18 34 235 35
14360.36 18 34 0 35
14363.31 20 38 235 35
14366.56 20 38 1354 35
14367.38 20 38 0 35
14371.04 15 33 0 -1
14371.04 15 33 1354 35
14372.23 16 34 0 -1
14372.23 16 34 235 35
14374.19 16 34 1603u0 -1
14375.43 16 34 235 35
14378.38 20 38 235 35
14381.91 20 38 1354 35
14382.23 20 38 0 35
14384.86 16 34 0 -1
14384.86 16 34 1354 35
14389.14 20 38 235 35
14398.94 26 45 4154 35
14408.83 62 45 1422 35
14412.51 64 45 508 35
14414.44 64 45 546 35
14415.24 64 45 506 35
14415.54 64 45 882 35
14416.22 64 45 883 35
14417.17 64 45 881 35
14418.61 62 45 0 35
14419.09 64 45 0 -1
14419.09 64 45 1422 35
14422.14 62 46 508 35
14423.24 62 46 546 35
14424.54 62 46 506 35
14424.88 62 46 882 35
14426.49 62 46 883 35
14427.54 62 46 881 35
14429.64 62 46 0 35
14433.51 66 45 881 35
14433.86 66 45 0 35
14435.88 67 44 881 35
14442.96 76 45 0 35
14445.81 67 44 0 -1
14445.81 67 44 1422 35
14446.81 67 44 0 35
14449.91 75 46 1422 35
14451.56 73 46 508 35
14453.11 73 46 546 35
14454.29 73 46 506 35
14454.58 73 46 882 35
14455.54 73 46 883 35
14456.68 73 46 881 35
14458.17 75 46 0 35
14458.61 73 46 0 -1
14458.61 73 46 1422 35
14459.44 73 46 0 35
14460.09 76 45 1422 35
14461.67 75 45 508 35
14462.49 75 45 546 35
14463.29 75 45 506 35
14463.66 75 45 882 35
14464.42 75 45 883 35
14465.39 75 45 881 35
14466.39 76 45 0 35
14466.81 75 45 0 -1
14466.81 75 45 1422 35
14467.64 75 45 0 35
14483.02 18 35 0 -1
14483.02 18 35 1422 35
14484.71 18 34 74 35
14486.26 16 35 0 35
14487.91 16 35 235 35
14488.49 18 35 0 35
14510.61 17 35 1422 35
14518.57 17 35 0 35
14525.06 26 45 779 35
14534.31 13 34 0 35
14534.92 14 33 1254 35
14535.96 14 33 0 -1
14535.96 14 33 34 35
14543.16 7 51 4229 35
14556.14 19 34 49 35
14556.96 17 34 0 -1
14556.96 17 34 61 35
14557.81 17 34 0 -1
14557.81 17 34 71u2 35
14558.51 17 35 61 35
14560.09 20 32 64 35
14563.01 17 34 0 -1
14563.01 17 34 64 35
14563.62 17 34 72 35
14565.76 17 33 71u2 35
14567.37 20 34 48 35
14568.69 18 34 0 -1
14568.69 18 34 62 35
14570.89 17 36 75 35
14572.19 18 34 0 -1
14572.19 18 34 74 35
14574.20 17 36 67 35
14574.97 17 35 78 35
14575.67 17 34 0 -1
14575.67 17 34 62 35
14580.44 17 35 82 35
14583.07 15 35 0 35
14584.89 15 35 235 35
14587.92 19 38 0 35
14594.74 14 34 264 35
14596.24 14 34 0 -1
14596.24 14 34 235 35
14599.59 13 34 264 35
14600.42 14 34 0 35
14603.67 6 37 235 35
14605.14 4 37 2742u2 35
14606.31 6 37 547 35
14607.95 6 37 0 35
14611.77 14 34 547 35
14612.99 14 33 0 35
14613.87 14 34 548 35
14614.87 14 33 34 35
14615.70 14 34 0 35
14616.34 13 34 268 35
14616.94 14 34 235 35
14617.52 13 34 0 35
14621.82 19 38 268 35
14627.16 8 42 1316u0 35
14632.57 17 35 346 35
14634.17 20 32 0 35
14635.87 17 33 0 -1
14635.87 17 33 64 35
14636.69 17 33 72 35
14637.17 17 33 0 -1
14637.17 17 33 71u2 35
14643.25 18 40 247 35
14646.76 17 36 0 35
14647.69 17 35 346 35
14649.59 18 40 249 35
14652.07 17 36 248 35
14666.52 19 38 0 35
14667.72 18 40 250 35
14685.55 11 31 45 35
14688.17 17 34 0 -1
14688.17 17 34 66 35
14690.99 17 36 0 -1
14690.99 17 36 62 35
14694.55 17 33 0 -1
14694.55 17 33 248 35
14695.97 17 34 72 35
14696.65 17 33 0 -1
14696.65 17 33 71u2 35
14697.22 17 34 82 35
14699.37 17 36 248 35
14707.87 14 36 0 35
14711.29 22 38 236 35
14714.39 23 39 0 -1
14714.39 23 39 236 35
14714.84 22 39 0 -1
14714.84 22 39 227 35
14716.95 22 40 1605u0 35
14717.65 22 40 292 35
14718.29 23 40 0 -1
14718.29 23 40 292 35
14728.50 22 37 0 -1
14728.50 22 37 134 35
14730.70 19 38 2192 35
14732.52 22 40 0 35
14734.40 23 40 1605u0 35
14735.77 20 40 0 35
14736.52 23 40 1605u1 35
14739.00 17 36 0 35
14740.79 17 36 67 35
14757.95 16 34 0 35
14759.77 17 34 85 35
14762.42 16 34 235 35
14763.10 15 34 0 35
14763.60 17 34 85 35
14764.40 15 34 1355 35
14765.44 15 33 0 35
14766.77 17 34 85 35
14767.89 15 33 1355 35
14768.44 16 33 0 35
14780.29 24 48 1112u2 35
14785.77 16 46 0 -1
14785.77 16 46 1113 35
14792.17 14 34 1120 35
14794.97 14 33 0 35
14797.10 14 33 34 35
14806.45 23 38 0 35
14813.78 14 34 1247 35
14815.13 13 33 135 35
14817.95 14 34 0 35
14818.98 13 34 1247 35
14835.59 17 38 0 35
14836.95 17 38 67 35
14849.15 8 24 0 35
14855.40 13 36 0 -1
14855.40 13 36 151 35
14856.60 13 36 0 -1
14856.60 13 36 291 35
14857.07 14 36 151 35
14860.57 14 36 0 35
14861.08 14 36 152 35
14863.77 15 34 0 35
14865.50 15 34 235 35
14866.67 14 36 0 35
14872.98 11 36 558 -1
14884.17 11 36 558 -1
14886.62 13 34 0 -1
14886.62 13 34 152 35
14888.97 11 36 558 -1
14895.93 10 38 1359 35
14896.95 11 36 558 35
14899.90 14 34 235 35
14900.95 13 34 0 35
14904.97 11 36 558 -1
14908.93 8 37 2489 35
14911.57 11 36 558 -1
14916.35 14 36 151 35
14920.27 11 36 558 -1
14922.43 8 37 1330 35
14922.92 11 36 558 -1
14942.42 19 45 1316u3 35
14943.60 19 45 1316 35
14965.12 20 46 0 35
14971.27 15 48 716 35
14973.18 17 46 0 35
14973.90 16 46 1114 35
14974.97 17 46 135 35
14982.05 19 46 48 35
14983.41 20 46 64 35
14991.17 15 34 0 35
14992.38 15 34 235 35
14993.73 14 33 0 35
15001.82 20 46 67 35
15007.88 15 45 34 35
15014.95 15 33 0 35
15016.25 16 33 235 35
15023.26 15 46 0 35
15036.41 6 10 292 35
15054.66 11 35 0 35
15066.13 5 10 126 35
15067.36 5 10 0 -1
15067.36 5 10 502 35
15068.20 6 10 0 35
15069.60 3 8 292 35
15070.80 5 10 0 35
15072.33 2 8 126 35
15073.06 4 8 502u3 35
15073.88 2 8 0 35
15074.98 3 8 0 35
15084.53 5 8 292 35
15087.31 5 8 0 35
15088.10 5 8 292 35
15099.90 6 8 126 35
15100.80 4 8 0 35
15101.70 6 8 0 -1
15101.70 6 8 502u3 35
15102.85 6 8 0 35
15112.81 13 34 502u3 35
15115.76 14 33 126 35
15118.58 14 33 233 35
15118.88 14 33 234 35
15134.71 15 33 236 35
15146.80 5 8 0 35
15153.10 2 2 292 35
15159.33 2 2 0 35
15160.41 3 1 411 35
15172.65 12 33 1101 35
15174.26 12 33 0 35
15179.81 15 33 0 -1
15179.81 15 33 336 35
15184.61 20 40 236 35
15199.58 15 35 0 -1
15199.58 15 35 126 35
15200.36 17 35 235 35
15206.28 21 32 1350 35
15210.56 11 36 558 -1
15215.29 8 37 1332 35
15215.71 11 36 558 -1
15223.78 21 39 0 35
15233.41 18 37 876 35
15235.93 18 37 878 35
15237.53 18 37 876 35
15256.58 19 33 292 35
15258.06 19 33 0 35
15275.58 9 35 292 35
15281.63 14 36 0 35
15284.84 8 35 0 -1
15284.84 8 35 151 35
15288.59 17 34 66 35
15289.51 17 33 0 35
15290.59 17 34 72 35
15291.44 17 33 71u2 35
15313.83 8 42 344 35
15317.56 8 43 344 35
15353.56 4 37 2742u1 35
15357.02 4 37 2742u2 35
15381.88 7 51 4232u4 35
15500.62 0 53 406 35
15501.42 1 53 132 35
15507.86 11 36 558 -1
15514.14 14 32 0 35
15517.56 11 36 558 -1
15525.31 11 36 558 35
15532.77 8 37 1340 35
15535.11 11 36 558 -1
15538.51 15 33 0 35
15549.59 21 50 1101 35
15550.69 20 50 292 35
15559.56 17 35 0 35
15561.07 14 36 235 35
15563.12 19 34 49 35
15564.32 17 35 61 35
15565.50 18 34 0 35
15566.47 17 36 75 35
15567.79 18 34 74 35
15569.65 20 34 48 35
15571.92 17 36 67 35
15573.37 17 35 78 35
15574.72 17 34 0 -1
15574.72 17 34 62 35
15578.37 17 35 82 35
15591.52 14 32 135 35
15596.36 15 33 33 35
15597.25 15 36 0 35
15601.84 6 37 292 35
15603.09 4 37 2742u1 35
15604.70 6 37 0 35
15608.12 11 36 558 35
15609.92 11 36 1851 35
15611.19 9 37 292 35
15613.12 8 37 1340u3 35
15614.05 8 37 1340u2 35
15614.87 8 37 1340u1 35
15615.64 9 37 0 35
15615.75 11 36 558 -1
15619.84 18 37 878 35
15621.92 15 33 0 -1
15621.92 15 33 292 35
15623.35 12 33 33 35
15625.14 15 34 1354 35
15626.75 16 34 1354 35
15627.94 14 34 1354 35
15628.60 15 33 0 35
15629.79 11 36 558 -1
15632.44 10 37 292 35
15633.67 8 37 1340u0 35
15636.27 8 37 1343 35
15641.52 9 38 1340 35
15643.82 9 38 1340u3 35
15645.55 10 37 0 35
15645.77 11 36 558 -1
15648.92 15 33 292 35
15650.77 16 33 1354 35
15651.40 16 33 0 35
15653.25 17 35 85 35
15654.10 16 34 0 -1
15654.10 16 34 1355 35
15654.69 17 35 85 35
15655.59 15 34 0 -1
15655.59 15 34 1355 35
15656.84 17 35 85 35
15658.50 14 34 0 -1
15658.50 14 34 1355 35
15659.65 17 35 85 35
15661.32 16 33 1355 35
15663.05 16 35 1354 35
15664.10 16 36 0 35
15666.87 16 36 292 35
15667.69 16 35 0 35
15668.14 17 35 85 35
15669.57 16 35 235 35
15671.37 15 36 560 35
15672.49 16 35 0 35
15676.62 16 35 235 35
15678.75 16 35 1354 35
15680.00 15 33 0 35
15681.25 11 36 558 -1
15683.64 8 37 0 35
15684.22 11 36 558 -1
15685.80 11 35 1345 35
15687.32 11 36 558 35
15690.75 11 38 292 35
15691.39 9 38 1340u2 35
15693.55 9 38 1340u1 35
15695.35 9 38 1340u0 35
15696.59 11 38 0 35
15697.37 11 36 558 -1
15702.95 15 33 292 35
15704.30 12 34 0 35
15705.62 12 34 462u2 35
15708.27 16 35 0 35
15708.60 17 35 85 35
15709.07 16 35 1355 35
15710.30 14 36 0 35
15711.19 11 36 558 -1
15713.40 9 37 235 35
15714.30 9 38 1343 35
15715.37 9 37 1354 35
15716.02 9 37 0 35
15716.50 11 36 558 -1
15720.05 17 35 85 35
15723.37 17 34 235 35
15739.63 17 34 0 35
15748.57 21 50 1101u0 35
15749.15 22 50 1136 35
15750.74 21 50 1138 35
15752.80 25 48 1136 35
15756.60 20 45 0 -1
15756.60 20 45 235 35
15759.50 25 48 213 35
15762.30 21 49 213 35
15765.47 19 50 851 35
15786.78 22 38 1602u0 35
15787.52 22 38 0 35
15789.37 23 39 0 -1
15789.37 23 39 1602u0 35
15789.82 23 39 1602u1 35
15790.12 23 39 0 35
15791.34 20 40 0 -1
15791.34 20 40 1602u1 35
15792.09 20 40 1602u2 35
15795.35 20 38 0 35
15798.93 17 34 235 35
15802.02 17 34 1354 35
15819.58 11 36 558 -1
15836.12 20 52 49 35
15839.17 24 51 61 35
15849.63 16 33 0 35
15851.00 16 33 235 35
15858.17 15 49 0 35
15860.83 15 49 344 35
15866.32 30 44 0 35
15871.28 15 49 0 -1
15871.28 15 49 107 35
15874.40 13 49 344 35
15877.62 15 44 0 35
15883.05 15 46 57 35
15889.00 26 45 4154 35
15895.05 15 50 1422 35
15897.91 15 50 0 35
15898.38 15 50 1422 35
15901.90 15 49 486 35
15903.78 17 49 33 35
15906.97 15 49 0 35
15906.97 15 49 f884 35
15908.07 14 49 0 -1
15908.07 14 49 107 35
15910.28 15 54 0 35
15912.95 15 49 1422 35
15914.23 17 49 0 35
15915.30 14 49 486 35
15918.05 14 49 0 35
15918.05 14 49 f884 35
15919.53 13 49 0 -1
15919.53 13 49 107 35
15921.75 17 50 0 -1
15921.75 17 50 344 35
15923.38 17 49 2200 35
15925.00 15 53 0 35
15927.53 14 49 1422 35
15930.03 13 49 486 35
15930.67 15 49 33 35
15932.35 14 49 0 35
15934.10 14 49 1422 35
15938.00 13 49 0 35
15938.00 13 49 f884 35
15939.00 12 49 107 35
15939.57 14 49 0 35
15941.37 15 49 0 -1
15941.37 15 49 1422 35
15942.82 12 49 486 35
15943.35 13 49 33 35
15947.08 12 49 0 35
15947.08 12 49 f884 35
15948.01 13 49 0 -1
15948.01 13 49 107 35
15949.95 15 49 0 35
15952.76 11 51 1422 35
15956.01 7 51 4232u3 35
15961.58 13 49 0 35
15962.01 11 49 107 35
15964.32 11 55 0 35
15966.78 13 49 1422 35
15968.95 11 49 486 35
15969.33 12 49 33 35
15969.90 13 49 0 35
16016.51 6 38 1422 35
16017.78 4 37 2742u0 35
16019.43 6 38 0 35
16028.70 17 50 0 -1
16028.70 17 50 1422 35
16029.71 17 50 0 35
16037.83 21 68 1422 35
16038.51 21 69 48 35
16039.71 20 69 4062u0 35
16041.03 21 68 0 35
16062.46 16 35 0 -1
16062.46 16 35 1422 35
16064.96 17 35 235 35
16065.76 16 35 0 35
16070.01 16 36 0 -1
16070.01 16 36 1422 35
16071.03 14 36 292 35
16071.60 16 36 0 35
16084.38 16 35 1422 35
16085.86 16 36 344 35
16087.81 16 36 1316u0 35
16088.38 16 35 0 35
16133.68 29 133 1422 35
16134.93 30 133 30u0 35
16137.33 30 133 279 35
16138.56 29 133 0 35
16214.93 20 50 0 -1
16214.93 20 50 1422 35
16215.78 20 50 0 35
16221.01 26 45 779 35
16230.38 14 34 0 35
16231.93 14 34 235 35
16247.56 12 42 198 35
16289.03 161 43 87 35
