startTime: 1614250706.05
23.00 15 48 f898 -1
26.12 14 33 0 14
29.25 16 34 0 14
32.15 15 35 0 14
33.88 11 36 72 14
34.47 11 36 0 -1
34.47 11 36 334u2 14
35.18 12 35 82 14
36.17 13 37 299 14
42.12 15 35 127 14
44.55 11 36 0 14
50.03 14 29 342 14
50.65 15 30 334u2 14
51.15 14 29 343 14
54.08 12 35 346 14
58.77 15 30 0 14
62.78 13 34 334u2 14
70.27 14 40 0 14
85.02 14 40 382 14
86.50 14 38 30u3 14
99.50 17 44 0 14
102.58 13 37 238 14
105.45 11 36 300 14
106.88 9 37 292 14
108.75 10 38 45 14
112.10 11 34 66 14
125.43 2 8 409 14
126.97 2 8 409u2 14
128.93 2 8 409u1 14
131.05 2 8 409u0 14
141.72 14 29 338 14
146.38 16 39 344 14
147.28 14 38 30u2 14
149.02 14 38 30u1 14
150.20 14 38 30u0 14
161.27 8 35 126 14
163.31 7 36 126 14
164.88 8 36 0 -1
164.88 8 36 126 14
165.70 7 37 0 -1
165.70 7 37 135 14
167.68 7 38 160 14
170.45 11 35 0 14
171.38 8 35 233 14
172.48 7 35 233 14
173.63 7 36 233 14
174.25 7 36 234 14
174.73 8 36 233 14
175.15 8 36 234 14
176.80 11 35 33 14
179.73 12 38 48 14
182.78 13 34 0 -1
182.78 13 34 64 14
183.58 13 34 72 14
183.85 13 34 0 -1
183.85 13 34 334u2 14
185.46 13 37 281 14
186.66 14 36 0 14
188.51 14 36 67 14
190.48 14 36 0 -1
190.48 14 36 239 14
191.58 12 35 346 14
192.50 13 37 282 14
193.16 14 36 0 -1
193.16 14 36 248 14
195.91 8 35 0 14
197.61 13 37 282 14
199.88 8 35 235 14
201.01 8 36 0 14
202.73 13 37 282 14
204.16 8 36 236 14
205.10 7 36 0 14
207.51 13 37 282 14
210.46 7 36 236 14
212.73 7 35 0 14
215.33 13 37 282 14
217.75 15 35 0 -1
217.75 15 35 283 14
218.96 13 37 293 14
220.53 15 35 0 14
221.03 15 35 235 14
222.43 16 34 239 14
223.83 15 35 0 14
227.76 17 45 1101u0 14
229.70 14 46 393 14
232.90 15 46 235 14
241.50 14 40 0 14
244.48 14 46 1134 14
250.61 15 44 235 14
253.06 14 38 279 14
269.85 7 35 126 14
279.70 10 35 0 14
283.91 12 37 0 14
284.82 12 37 861 14
291.05 7 34 467u3 14
291.63 8 34 0 14
312.23 19 41 49 14
314.13 15 41 61 14
325.71 9 53 406 14
328.08 10 58 132 14
341.83 12 33 0 14
345.01 13 33 290 14
346.30 13 33 1598u0 14
351.25 12 28 49 14
353.79 14 33 61 14
355.68 11 36 301 14
364.50 11 36 300 14
368.11 13 34 0 14
371.83 10 38 340 14
373.81 10 39 334u1 14
374.76 9 38 48 14
375.68 10 39 0 -1
375.68 10 39 64 14
376.21 10 39 72 14
376.59 10 39 0 -1
376.59 10 39 334u1 14
379.33 12 35 82 14
380.66 10 37 0 14
381.94 12 35 346 14
389.66 11 35 0 14
395.84 15 34 0 14
402.79 12 37 0 14
406.63 14 34 0 -1
406.63 14 34 861 14
412.14 7 34 0 14
419.06 15 39 30u4 14
420.99 15 39 30u3 14
422.08 15 39 30u2 14
435.16 11 37 0 14
436.26 10 37 288 14
444.44 14 35 0 14
446.33 12 37 319 14
463.41 14 34 0 14
467.41 15 29 861 14
469.53 14 29 496 14
471.93 14 29 0 14
472.73 15 29 0 14
480.84 10 40 861 14
484.34 10 39 0 -1
484.34 10 39 496 14
485.48 10 39 72 14
487.76 10 39 0 -1
487.76 10 39 334u1 14
490.64 11 37 72 14
492.99 10 40 0 14
497.73 17 47 861 14
498.64 17 47 0 14
500.06 17 47 861 14
502.49 16 46 503 14
510.54 16 47 661u0 14
513.71 16 46 508u3 14
513.99 16 46 503 14
514.91 16 46 508u3 14
516.98 16 46 546u3 14
519.08 16 46 506 14
519.44 16 46 882u3 14
520.88 16 46 883u3 14
522.16 16 46 881 14
522.51 16 46 0 -1
522.51 16 46 455u3 14
523.33 16 46 0 -1
523.33 16 46 881 14
525.08 16 46 0 14
526.79 15 47 0 14
526.79 15 47 f884 14
528.09 15 46 0 -1
528.09 15 46 107 14
528.94 15 47 235 14
529.71 16 47 33 14
530.69 15 46 486 14
531.54 16 46 33 14
535.69 17 47 0 14
574.47 21 138 861 14
575.22 20 138 30u0 14
576.87 20 138 279 14
578.02 21 138 0 14
586.59 25 152 861 14
589.67 25 151 39 14
593.36 25 151 0 14
595.61 25 152 0 14
648.87 10 35 861 14
652.04 10 38 341 14
653.61 12 35 346 14
686.04 18 -49 30u2 14
687.22 18 -49 30u1 14
689.22 18 -49 30u0 14
690.14 18 -49 279 14
696.87 8 -55 0 14
743.64 17 43 808 14
744.87 17 43 0 14
761.12 10 35 0 14
770.54 30 30 861 14
772.74 31 30 503 14
776.94 31 30 508u3 14
778.09 31 30 546u3 14
778.95 31 30 506 14
779.28 31 30 882u3 14
780.02 31 30 883u3 14
780.92 31 30 881 14
782.87 30 30 0 14
783.41 31 30 0 -1
783.41 31 30 861 14
784.32 31 30 0 14
786.29 35 28 861 14
788.99 36 28 503 14
791.00 36 28 508u3 14
791.84 36 28 546u3 14
792.72 36 28 506 14
793.09 36 28 882u3 14
793.83 36 28 883u3 14
794.82 36 28 881 14
796.02 35 28 0 14
796.44 36 28 0 -1
796.44 36 28 861 14
804.12 36 28 0 14
813.92 17 46 861 14
818.42 15 46 0 14
818.42 15 46 f884 14
835.34 16 41 107 14
839.26 16 46 0 14
841.45 16 41 486 14
842.10 16 41 108 14
842.77 16 41 109 14
843.35 16 41 110 14
844.62 15 41 33 14
847.50 17 46 0 14
850.05 15 42 861 14
855.24 16 41 885 14
858.24 17 41 107 14
860.04 15 41 0 14
867.27 17 40 33 14
868.24 17 41 0 14
868.92 18 40 107 14
869.74 17 40 0 14
870.49 18 40 486 14
872.04 17 40 33 14
879.72 10 38 339 14
881.85 10 35 344 14
883.60 10 38 338 14
886.70 6 35 0 -1
886.70 6 35 345 14
887.35 6 35 468 14
894.79 6 35 469 14
896.52 6 35 470 14
896.82 6 35 0 -1
896.82 6 35 463 14
902.07 18 40 0 14
902.07 18 40 f485 14
904.55 17 40 0 -1
904.55 17 40 107 14
905.25 17 40 486 14
906.05 18 40 33 14
906.85 16 39 0 14
909.60 16 39 344 14
911.99 14 37 0 14
913.32 14 37 236 14
916.65 10 35 0 14
917.27 12 35 346 14
925.80 19 38 242 14
928.55 16 38 223 14
934.88 19 38 224 14
937.39 19 38 244 14
938.29 19 40 225 14
946.57 21 49 224 14
948.05 21 49 244 14
953.58 20 40 225 14
959.48 8 41 45 14
963.94 19 40 226 14
964.31 20 40 226 14
965.05 19 39 66 14
966.85 18 40 0 14
967.80 16 40 33 14
972.50 7 35 0 14
977.50 18 40 126 14
978.12 19 40 297 14
978.98 18 40 127 14
981.05 16 40 0 14
981.78 18 40 231 14
983.12 15 40 33 14
984.55 15 39 30u1 14
985.90 15 39 30u0 14
999.15 2 8 408 14
1017.40 21 41 126 14
1018.05 20 40 297 14
1018.90 21 41 127 14
1019.48 21 41 0 14
1020.65 18 40 237 14
1022.98 16 36 49 14
1028.37 11 37 0 -1
1028.37 11 37 61 14
1031.63 18 40 247 14
1035.92 8 35 0 14
1042.08 19 40 0 14
1045.00 15 40 0 -1
1045.00 15 40 245 14
1045.82 15 40 251 14
1046.78 14 40 33 14
1054.12 15 44 0 14
1065.82 1 51 511u3 14
1075.17 15 40 252 14
1075.95 15 40 0 -1
1075.95 15 40 235 14
1081.88 8 36 264 14
1082.75 7 36 264 14
1086.43 14 37 264 14
1092.13 15 40 0 -1
1092.13 15 40 252u0 14
1096.57 14 39 235 14
1097.60 13 39 30u4 14
1098.18 14 39 253u0 14
1099.53 13 39 30u3 14
1100.13 14 39 253u1 14
1101.55 13 39 30u2 14
1102.12 14 39 253u2 14
1102.63 13 39 30u1 14
1103.43 14 39 253u3 14
1103.95 13 39 30u0 14
1104.45 14 39 253u4 14
1104.98 13 39 279 14
1105.48 14 39 253 14
1106.92 15 39 279 14
1110.88 14 39 0 14
1114.07 14 37 265 14
1120.20 14 35 235 14
1123.82 16 39 0 14
1124.98 16 39 344 14
1128.97 14 36 0 14
1131.57 12 35 346 14
1135.02 18 40 249 14
1137.43 14 41 248 14
1143.16 14 35 0 14
1153.28 1 51 511u2 14
1161.22 15 39 3946 14
1163.16 14 37 0 -1
1163.16 14 37 235 14
1165.82 18 40 250 14
1170.60 14 36 272 14
1175.83 6 39 48 14
1176.40 7 39 64 14
1177.26 9 38 48 14
1179.50 10 39 0 -1
1179.50 10 39 62 14
1181.40 7 39 72 14
1182.03 7 39 0 -1
1182.03 7 39 334u1 14
1183.18 7 39 0 -1
1183.18 7 39 72 14
1186.28 8 39 0 -1
1186.28 8 39 334u1 14
1189.76 11 37 34 14
1191.13 14 36 0 14
1194.70 14 36 272u2 14
1195.93 14 36 0 14
1206.27 8 39 0 14
1207.95 6 39 340 14
1209.36 8 39 334u1 14
1210.00 6 39 341 14
1212.65 12 35 346 14
1221.73 6 39 339 14
1226.80 14 39 344 14
1231.06 6 39 338 14
1236.16 6 35 0 -1
1236.16 6 35 345 14
1236.51 6 35 468 14
1245.32 6 35 469 14
1247.11 6 35 470 14
1247.45 6 35 0 -1
1247.45 6 35 463 14
1252.08 17 40 0 14
1252.08 17 40 f485 14
1253.80 16 40 107 14
1255.25 14 40 0 14
1255.96 16 40 486 14
1256.40 16 40 108 14
1257.20 16 40 109 14
1259.08 14 40 33 14
1261.35 15 42 0 14
1267.83 4 37 861 14
1269.58 4 36 503 14
1274.25 4 36 508u3 14
1275.80 4 36 546u3 14
1277.23 4 36 506 14
1277.51 4 36 882u3 14
1278.75 4 36 883u3 14
1280.08 4 36 881 14
1281.86 4 37 0 14
1282.73 4 36 0 -1
1282.73 4 36 861 14
1283.61 4 36 0 14
1290.55 17 41 861 14
1293.25 16 40 886 14
1308.20 17 41 0 14
1316.11 14 42 861 14
1320.91 17 41 107 14
1324.38 14 40 0 14
1326.96 17 41 486 14
1331.51 17 41 108 14
1332.64 18 41 33 14
1340.89 14 42 0 14
1346.81 16 25 2175 14
1358.95 48 25 861 14
1361.35 48 24 503 14
1367.25 48 24 508u3 14
1370.75 48 24 546u3 14
1373.46 48 24 506 14
1373.91 48 24 882u3 14
1375.43 48 24 883u3 14
1377.20 48 24 881 14
1379.00 48 25 0 14
1379.73 48 24 0 -1
1379.73 48 24 861 14
1382.06 48 24 0 14
1384.26 53 27 861 14
1386.04 52 27 503 14
1392.46 52 27 508u3 14
1394.91 52 27 546u3 14
1396.83 52 27 506 14
1397.56 52 27 882u3 14
1399.91 52 27 883u3 14
1401.48 52 27 881 14
1402.88 53 27 0 14
1403.39 52 27 0 -1
1403.39 52 27 861 14
1404.29 52 27 0 14
1413.39 26 33 861 14
1418.49 26 33 0 14
1425.16 18 39 861 14
1428.81 17 41 887 14
1433.16 18 41 0 -1
1433.16 18 41 107 14
1434.18 18 41 486 14
1434.83 18 41 108 14
1438.43 19 40 33 14
1445.98 18 41 887 14
1450.09 19 40 0 -1
1450.09 19 40 107 14
1450.71 19 40 486 14
1452.44 21 40 33 14
1461.13 9 38 48 14
1464.63 8 40 62 14
1465.59 7 40 48 14
1474.48 11 35 64 14
1481.51 8 39 0 14
1486.33 4 37 334u1 14
1489.39 4 37 0 14
1490.31 4 38 340 14
1491.13 4 37 334u1 14
1491.89 4 38 341 14
1494.48 12 35 346 14
1496.21 8 36 0 14
1497.53 8 36 264 14
1501.98 4 38 339 14
1503.04 6 38 0 -1
1503.04 6 38 344 14
1504.33 5 39 151 14
1505.12 4 38 338 14
1508.49 6 35 0 -1
1508.49 6 35 345 14
1509.21 6 35 468 14
1512.06 6 35 469 14
1512.93 7 35 467u1 14
1513.58 6 35 470 14
1514.09 8 35 463 14
1514.61 6 35 0 14
1521.78 19 40 0 14
1521.78 19 40 f485 14
1527.04 16 39 0 -1
1527.04 16 39 107 14
1533.29 15 40 0 -1
1533.29 15 40 344 14
1537.42 15 35 252u0 14
1544.48 13 43 30u4 14
1546.61 13 43 30u3 14
1553.92 13 33 290 14
1555.16 13 33 1598u0 14
1564.26 13 37 299 14
1565.44 14 36 127 14
1565.99 14 36 0 14
1566.78 14 36 127 14
1573.14 10 37 0 14
1574.52 13 37 305 14
1605.69 13 43 30u2 14
1633.87 15 -21 49 14
1635.51 13 -19 61 14
1647.07 5 -23 141 14
1659.57 7 -39 141 14
1675.02 0 -72 34 14
1676.54 1 -72 0 14
1678.52 -1 -72 0 14
1682.14 -2 -72 0 14
1683.94 0 -72 0 14
1729.01 15 38 0 -1
1729.01 15 38 34 14
1731.67 15 37 3891 14
1733.01 15 37 0 14
1736.96 14 40 3891 14
1744.61 20 41 502u2 14
1763.72 15 36 0 -1
1763.72 15 36 236 14
1771.37 15 38 0 -1
1771.37 15 38 441u3 14
1772.76 17 40 34 14
1774.67 19 39 0 14
1778.47 19 39 66 14
1789.61 13 35 0 14
1791.52 13 35 326 14
1792.70 13 36 0 14
1793.77 12 35 1280 14
1796.74 12 35 1281 14
1798.07 15 36 0 14
1799.14 12 35 1280 14
1799.80 14 35 1285 14
1822.09 12 36 0 14
1823.27 12 36 291 14
1825.87 16 36 49 14
1827.10 13 36 61 14
1834.50 4 37 0 14
1842.70 11 35 72 14
1844.05 14 35 0 -1
1844.05 14 35 334u1 14
1846.45 14 34 236 14
1847.74 11 35 0 14
1849.67 12 37 0 -1
1849.67 12 37 72 14
1851.07 15 36 319 14
1853.40 14 36 0 14
1856.54 11 37 0 -1
1856.54 11 37 127 14
1862.75 12 39 49 14
1865.42 14 36 61 14
1874.80 20 34 48 14
1878.54 13 36 0 -1
1878.54 13 36 64 14
1879.69 11 35 61 14
1884.17 12 35 1281 14
1886.49 14 34 0 14
1887.67 12 35 1280 14
1888.20 13 34 1285 14
1900.45 17 40 0 14
1903.45 13 36 67 14
1905.24 10 37 34 14
1914.62 11 38 0 14
1917.44 13 36 75 14
1919.25 11 38 74 14
1920.04 12 38 48 14
1922.04 13 36 67 14
1923.32 14 36 78 14
1927.30 12 37 0 -1
1927.30 12 37 62 14
1929.22 14 36 82 14
1934.15 6 38 0 14
1938.22 14 36 346 14
1943.55 16 34 0 14
1944.79 13 36 0 -1
1944.79 13 36 239 14
1947.09 14 36 346 14
1948.45 13 37 304 14
1949.63 13 36 0 -1
1949.63 13 36 248 14
1950.30 15 36 0 14
1951.50 13 37 304 14
1952.65 15 36 321 14
1953.99 13 35 0 14
1956.72 13 37 304 14
1957.60 12 36 330 14
1958.99 15 37 239 14
1960.02 15 38 0 14
1961.90 12 36 331 14
1962.57 12 36 854 14
1963.22 12 36 445 14
1963.85 12 36 444 14
1964.45 12 36 446 14
1965.24 12 36 447 14
1966.07 12 36 448 14
1967.94 15 37 0 -1
1967.94 15 37 441u3 14
1970.57 13 33 290 14
1973.62 13 37 304 14
1975.27 13 35 307 14
1976.63 13 33 0 14
1979.84 12 37 0 -1
1979.84 12 37 289 14
1981.72 11 35 62 14
1983.57 12 36 291 14
1984.80 10 35 459 14
1987.25 12 37 0 14
1987.72 12 37 290 14
1992.62 17 35 239 14
1999.40 10 36 0 14
2000.17 10 35 559 14
2001.68 10 37 0 -1
2001.68 10 37 458 14
2010.73 14 41 69 14
2012.92 15 41 34 14
2013.47 14 41 0 14
2018.28 10 35 0 -1
2018.28 10 35 69 14
2019.17 10 35 560 14
2019.87 10 35 0 14
2032.63 17 42 0 14
2033.79 15 43 147 14
2035.40 16 42 0 14
2044.12 10 36 148 14
2049.88 15 39 30u4 14
2051.58 15 39 30u3 14
2057.88 10 36 0 14
2062.45 5 39 0 14
2068.52 0 44 1329 14
2080.27 0 45 151 14
2082.77 0 44 1331 14
2089.18 0 44 1332 14
2115.63 17 43 1335 14
2116.65 17 43 0 14
2117.98 17 43 1335 14
2141.43 15 39 30u2 14
2146.47 11 40 45 14
2150.25 9 49 66 14
2151.78 6 49 406 14
2154.75 0 52 132 14
2158.05 -4 46 406 14
2159.78 -2 45 132 14
2164.80 0 44 1340 14
2166.82 0 44 1340u3 14
2167.78 2 44 1342 14
2168.35 0 44 1340u2 14
2172.70 0 44 1340u1 14
2184.98 17 44 1342 14
2188.85 18 45 0 14
2202.87 14 37 0 -1
2202.87 14 37 1336u1 14
2207.16 20 40 0 14
2215.91 14 37 245 14
2218.75 15 39 30u1 14
2223.18 14 35 0 14
2229.36 19 39 72 14
2229.93 19 39 0 -1
2229.93 19 39 334u1 14
2230.91 18 40 247 14
2231.76 17 39 1014 14
2243.71 7 39 0 -1
2243.71 7 39 1015 14
2248.03 14 36 82 14
2248.58 13 36 0 14
2249.25 14 36 82 14
2252.33 18 40 249 14
2253.30 17 40 248 14
2263.16 13 36 1342 14
2263.75 15 36 325 14
2264.30 14 35 236 14
2265.02 13 36 0 14
2267.38 12 36 0 -1
2267.38 12 36 1342 14
2268.35 13 36 291 14
2269.25 15 36 235 14
2271.18 11 35 326 14
2272.51 15 36 0 14
2273.56 12 36 0 -1
2273.56 12 36 235 14
2274.11 12 36 1354 14
2275.10 12 36 0 14
2280.23 20 40 1354 14
2285.88 20 40 0 14
2287.35 19 40 1354 14
2292.40 19 40 0 14
2302.68 15 38 1354 14
2304.41 15 39 30u0 14
2306.00 15 39 279 14
2307.30 15 38 0 14
2317.55 14 36 85 14
2354.85 12 36 1355 14
2357.33 11 40 45 14
2359.03 12 42 62 14
2372.81 0 45 0 14
2375.25 0 44 1340u0 14
2380.35 0 44 1343 14
2398.58 15 36 1342 14
2400.86 12 36 0 14
2403.73 12 36 235 14
2412.80 15 36 0 14
2425.76 10 36 134 14
2431.39 9 36 0 14
2436.83 17 44 0 -1
2436.83 17 44 292 14
2437.86 17 44 0 14
2442.16 19 40 292 14
2443.16 19 39 0 14
2447.16 19 39 334u1 14
2474.54 16 39 0 14
2476.04 19 39 0 -1
2476.04 19 39 107 14
2484.08 21 42 334u1 14
2495.86 -5 48 406 14
2503.23 2 45 132 14
2504.18 2 44 0 14
2518.86 20 40 1342 14
2520.18 21 38 49 14
2523.03 21 40 0 14
2525.34 19 39 486 14
2529.14 14 42 33 14
2530.56 13 43 30u1 14
2534.79 12 43 338 14
2539.61 8 35 0 -1
2539.61 8 35 345 14
2540.13 8 35 468 14
2540.96 7 35 0 14
2541.34 8 35 469 14
2541.94 7 35 467u1 14
2542.44 8 35 470 14
2542.71 8 35 0 -1
2542.71 8 35 463 14
2547.89 19 39 0 14
2547.89 19 39 f485 14
2555.44 16 39 107 14
2558.13 20 40 0 14
2558.74 19 39 1342 14
2563.94 16 36 49 14
2567.44 14 36 61 14
2572.14 13 43 30u0 14
2592.54 20 41 0 14
2596.21 12 43 496 14
2597.93 13 42 502u2 14
2598.76 12 43 0 14
2604.74 14 40 0 -1
2604.74 14 40 496 14
2605.99 14 41 3891 14
2607.23 13 42 0 14
2610.34 13 42 502u2 14
2611.99 13 43 279 14
2620.14 15 35 0 14
2621.41 14 35 264 14
2643.28 8 -5 167 14
2650.71 5 -23 141u3 14
2653.72 7 -22 382 14
2654.91 5 -23 143u3 14
2656.59 5 -23 142u3 14
2666.54 6 9 87 14
2666.54 5 9 144 14
2706.19 7 -22 0 15
2718.02 7 9 382 15
2721.01 8 9 560 15
2723.01 8 10 148 15
2725.02 7 10 455u3 15
2727.32 7 10 0 15
2729.34 5 9 0 15
2749.81 7 37 0 -1
2749.81 7 37 144 15
2750.26 7 37 146 15
2750.74 7 37 0 -1
2750.74 7 37 135 15
2755.61 15 43 148 15
2756.86 15 43 0 15
2772.59 13 34 0 15
2786.65 8 9 0 15
2789.15 8 10 0 15
2805.39 7 9 0 15
2821.32 13 43 3946 15
2826.39 16 45 235 15
2827.86 16 47 0 15
2833.57 16 39 486 15
2833.95 16 39 108 15
2834.59 16 39 109 15
2849.42 15 38 33 15
2854.39 11 36 301 15
2878.62 14 36 302 15
2883.30 14 39 0 15
2885.81 15 42 344 15
2898.57 9 36 455u3 15
2907.70 15 36 236 15
2912.27 10 34 560 15
2916.30 11 37 0 15
2917.80 11 37 127 15
2926.40 14 43 391u5 15
2937.72 15 41 0 15
2957.19 13 38 1254 15
2959.00 15 38 0 15
2959.92 13 38 487 15
2961.10 15 38 33 15
2962.63 15 37 0 15
2965.30 15 35 441u3 15
2971.17 14 43 391u4 15
2990.32 14 97 49 15
2996.42 14 101 61 15
3014.63 12 146 39 15
3017.13 12 146 0 15
3022.65 11 149 39 15
3026.64 11 149 0 15
3034.88 16 154 806 15
3036.72 16 154 0 15
3063.75 21 211 0 15
3066.48 24 210 0 15
3075.77 38 221 49 15
3108.22 -1 291 61 15
3113.00 5 292 0 15
3177.57 148 283 806 15
3181.27 148 283 0 15
3213.08 194 225 99 15
3217.02 193 225 96 15
3244.77 232 168 161 15
3276.15 284 184 0 15
3278.31 287 188 291 15
3288.80 298 212 99 15
3290.43 296 216 96 15
3307.86 300 243 99 15
3310.61 305 249 96 15
3328.20 342 291 99 15
3330.16 346 292 96 15
3350.50 343 326 0 15
3418.18 237 436 99 15
3425.45 233 449 96 15
3435.55 216 455 0 15
3469.54 224 533 99 15
3478.63 235 555 96 15
3589.54 113 366 806 15
3591.96 113 366 0 15
3614.09 93 306 404 15
3615.84 93 307 395 15
3618.54 92 307 39 15
3622.46 94 309 39 15
3625.92 91 308 39 15
3628.31 92 307 0 15
3630.99 91 308 0 15
3633.86 94 309 0 15
3637.96 93 306 39 15
3639.91 89 306 39 15
3642.91 89 306 0 15
3647.01 93 306 0 15
3694.42 63 189 40 15
3695.39 62 189 0 15
3698.47 63 189 0 15
3828.42 10 -81 0 15
3853.39 -14 -129 99 15
3856.69 -11 -132 96 15
3857.92 -9 -133 99 15
3864.62 -6 -134 96 15
3865.74 -4 -136 2142u5 15
3869.75 -8 -131 2144 15
3926.39 -3 -140 2142u5 15
3936.94 6 -135 2157 -1
3936.94 7 -135 2143 15
3973.62 34 -116 39 15
3975.64 34 -116 0 15
3992.14 22 -69 0 15
4033.59 64 -2 49 15
4038.97 55 4 61 15
4048.20 33 9 2142u5 15
4051.47 30 11 2144 15
4052.63 29 11 2142u5 15
4076.97 21 42 0 -1
4076.97 21 42 2144 15
4079.45 19 41 342 15
4084.30 15 43 334u1 15
4086.27 13 42 0 15
4101.52 14 39 502u2 15
4109.30 14 48 391u5 15
4117.50 17 43 151 15
4118.99 18 43 198 15
4197.83 -55 173 87 15
