startTime: 1615851205.95
0.00 3 2 48 39
2.77 5 3 4062u0 39
11.32 7 29 45 39
13.78 7 32 66 39
15.83 4 31 48 39
17.12 0 42 f898 -1
17.12 1 42 f898 -1
17.12 2 42 f898 -1
17.12 3 42 f898 -1
17.12 4 42 f898 -1
20.72 5 39 64 39
22.82 2 34 48 39
24.63 5 39 4062u0 39
26.30 5 39 64 39
29.68 5 40 64 39
43.03 13 42 0 39
50.13 16 34 0 39
53.82 12 42 0 39
61.78 26 34 357 39
69.60 13 42 292 39
88.42 17 38 1602u0 39
90.33 20 40 0 39
92.12 17 38 1602u1 39
93.20 17 39 0 39
95.13 17 39 2188 39
95.77 17 39 2193 39
104.77 18 39 2192 39
116.42 6 36 67 39
117.53 5 36 67 39
118.47 5 37 67 39
119.25 5 38 67 39
119.95 5 39 67 39
120.75 5 40 67 39
124.70 9 41 4154 39
125.10 9 41 779 39
127.23 9 41 4154 39
132.22 17 35 1422 39
133.03 16 35 72 39
134.50 16 35 0 -1
134.50 16 35 557 39
135.63 16 35 0 -1
135.63 16 35 72 39
137.40 17 35 0 39
139.18 17 35 1422 39
140.68 16 34 557 39
142.27 16 35 1599u0 39
142.97 16 35 72 39
144.07 16 35 1599u0 39
144.70 17 35 0 39
145.35 16 34 0 -1
145.35 16 34 1422 39
147.22 17 35 132 39
149.00 17 34 0 39
150.33 17 35 72 39
150.62 17 34 71u2 39
151.35 16 34 0 39
152.75 17 35 0 -1
152.75 17 35 1422 39
153.85 16 35 1599u1 39
154.52 17 35 0 39
182.45 7 13 0 -1
182.45 7 13 1422 39
183.36 7 13 0 39
189.52 1 1 1422 39
191.92 1 0 0 -1
191.92 1 0 107 39
193.13 2 2 291 39
193.73 1 1 0 39
195.65 6 1 0 -1
195.65 6 1 1422 39
196.85 6 1 0 39
200.20 1 2 1422 39
203.15 1 0 486 39
204.90 1 2 0 39
205.67 2 2 0 -1
205.67 2 2 1422 39
208.05 1 0 0 39
208.05 1 0 f1596 39
209.13 2 0 0 -1
209.13 2 0 107 39
211.33 1 1 291 39
212.27 2 2 0 39
213.17 1 2 1422 39
219.53 2 0 486 39
220.96 1 2 0 39
221.75 1 2 1422 39
222.78 1 1 0 39
224.40 2 0 0 39
224.40 2 0 f1596 39
226.00 3 0 0 -1
226.00 3 0 107 39
227.87 2 2 291 39
228.70 1 2 0 39
229.30 1 2 1422 39
232.81 3 0 486 39
234.01 2 2 0 -1
234.01 2 2 33 39
235.16 3 0 0 39
235.16 3 0 f1596 39
237.25 1 2 0 39
242.58 6 -1 1422 39
245.06 2 2 0 39
248.20 6 0 33 39
249.40 5 -1 64 39
250.28 5 -1 4062u0 39
250.70 6 -1 0 39
251.60 8 -1 1422 39
254.28 4 0 0 -1
254.28 4 0 107 39
254.87 6 0 0 -1
254.87 6 0 291 39
255.78 4 0 486 39
256.32 5 0 0 -1
256.32 5 0 33 39
258.95 4 0 0 39
258.95 4 0 f1596 39
259.50 5 0 0 -1
259.50 5 0 107 39
260.45 6 0 0 -1
260.45 6 0 33 39
261.75 6 0 0 -1
261.75 6 0 291 39
262.36 5 0 486 39
262.98 6 0 0 -1
262.98 6 0 33 39
263.70 5 0 0 39
263.70 5 0 f1596 39
264.92 7 0 0 -1
264.92 7 0 107 39
265.58 8 0 291 39
268.95 16 2 0 39
276.51 19 39 1422 39
278.25 17 39 2189 39
281.37 17 39 2201 39
282.13 18 39 0 39
283.00 17 39 2200 39
283.63 19 39 0 39
285.61 18 38 1422 39
286.96 17 39 0 39
290.30 15 35 2194 39
291.78 16 34 236 39
293.63 19 34 49 39
294.51 17 35 61 39
297.50 20 34 48 39
301.06 19 33 64 39
304.50 18 34 0 39
305.58 17 36 75 39
306.45 18 36 74 39
309.75 20 34 48 39
312.18 17 36 67 39
313.06 17 35 78 39
314.25 18 35 62 39
315.05 16 35 1599u0 39
321.01 17 35 82 39
322.20 18 37 876 39
328.58 13 41 0 39
329.35 14 39 1099u2 39
331.88 15 35 2195 39
336.18 14 32 0 -1
336.18 14 32 235 39
338.26 14 32 0 -1
338.26 14 32 135 39
339.75 16 33 1603u3 39
349.51 16 34 0 39
350.76 14 33 1602u1 39
351.56 14 33 0 39
352.53 16 34 1602u1 39
367.15 13 34 0 39
381.98 17 33 0 39
384.48 17 35 85 39
385.90 17 33 1355 39
388.16 15 35 0 39
388.88 17 35 2196 39
390.66 18 37 878 39
395.75 23 36 0 39
400.73 21 39 0 -1
400.73 21 39 1422 39
401.89 21 39 0 39
428.18 101 42 1422 39
434.56 101 42 0 39
459.01 15 35 1422 39
460.95 16 33 1603u2 39
462.14 17 35 2197u6 39
465.53 16 33 1603u3 39
466.51 15 35 0 39
477.93 83 28 1422 39
479.98 85 28 151 39
483.05 85 28 0 39
486.80 85 28 152 39
492.05 89 34 0 39
505.36 93 36 647 39
516.58 85 28 0 -1
516.58 85 28 1422 39
518.98 83 28 152 39
519.86 83 28 151 39
522.09 85 28 0 39
522.86 83 28 0 -1
522.86 83 28 1422 39
524.46 83 28 0 39
540.98 17 33 0 -1
540.98 17 33 1422 39
543.21 17 35 2197u5 39
544.53 18 34 235 39
545.31 17 33 0 39
554.03 12 34 1422 39
565.13 8 34 0 39
568.60 8 36 779 39
582.44 6 0 0 39
583.13 7 0 486 39
583.76 8 0 0 -1
583.76 8 0 33 39
584.61 7 0 0 39
584.61 7 0 f1596 39
585.36 7 1 0 -1
585.36 7 1 107 39
586.48 8 1 291 39
587.53 8 0 0 39
589.33 7 1 486 39
589.75 8 1 0 -1
589.75 8 1 33 39
590.56 7 1 0 39
590.56 7 1 f1596 39
591.41 7 2 0 -1
591.41 7 2 107 39
592.73 8 1 0 -1
592.73 8 1 291 39
593.53 7 2 486 39
594.18 8 2 33 39
594.93 8 1 0 39
595.91 7 2 0 39
595.91 7 2 f1596 39
596.63 7 3 0 -1
596.63 7 3 107 39
599.13 8 3 291 39
600.04 8 2 0 39
600.71 7 3 486 39
601.30 8 3 0 -1
601.30 8 3 33 39
602.14 7 3 0 39
602.14 7 3 f1596 39
602.95 7 4 0 -1
602.95 7 4 107 39
603.89 8 4 291 39
604.61 8 3 0 39
605.31 7 4 486 39
606.41 8 4 0 -1
606.41 8 4 33 39
607.28 7 4 0 39
607.28 7 4 f1596 39
608.31 7 5 0 -1
608.31 7 5 107 39
609.24 8 5 291 39
610.81 8 4 0 39
612.78 7 5 486 39
613.68 8 5 0 -1
613.68 8 5 33 39
615.71 7 5 0 39
615.71 7 5 f1596 39
616.61 7 6 0 -1
616.61 7 6 107 39
618.13 8 6 291 39
618.88 8 5 0 39
619.79 7 6 486 39
620.29 8 6 0 -1
620.29 8 6 33 39
622.03 7 6 0 39
622.03 7 6 f1596 39
622.95 7 7 0 -1
622.95 7 7 107 39
623.76 8 7 291 39
624.93 8 6 0 39
626.14 7 7 486 39
626.73 8 7 0 -1
626.73 8 7 33 39
628.18 7 7 0 39
628.18 7 7 f1596 39
629.83 7 8 0 -1
629.83 7 8 107 39
630.74 8 8 291 39
631.58 8 7 0 39
632.58 7 8 486 39
633.08 8 8 0 -1
633.08 8 8 33 39
633.93 7 8 0 39
633.93 7 8 f1596 39
634.89 7 9 0 -1
634.89 7 9 107 39
636.11 8 9 291 39
637.08 8 8 0 39
638.08 7 9 486 39
638.63 8 9 0 -1
638.63 8 9 33 39
639.73 7 9 0 39
639.73 7 9 f1596 39
640.60 7 10 0 -1
640.60 7 10 107 39
641.66 8 10 291 39
642.61 8 9 0 39
643.69 7 10 486 39
644.53 8 10 0 -1
644.53 8 10 33 39
645.28 7 10 0 39
645.28 7 10 f1596 39
646.08 7 11 0 -1
646.08 7 11 107 39
646.89 8 10 0 -1
646.89 8 10 291 39
647.83 7 11 486 39
649.19 8 10 0 -1
649.19 8 10 33 39
650.53 7 11 0 39
650.53 7 11 f1596 39
651.76 7 12 0 -1
651.76 7 12 107 39
652.51 7 13 291 39
654.53 8 10 0 39
655.74 7 12 486 39
656.84 7 13 0 -1
656.84 7 13 33 39
657.91 7 12 0 39
657.91 7 12 f1596 39
658.86 8 11 0 -1
658.86 8 11 107 39
660.16 8 12 291 39
661.24 7 13 0 39
662.31 8 11 0 -1
662.31 8 11 33 39
663.23 8 11 0 -1
663.23 8 11 107 39
663.46 8 11 486 39
664.74 8 12 0 -1
664.74 8 12 33 39
665.39 8 11 0 39
665.39 8 11 f1596 39
666.74 7 13 107 39
667.36 8 12 0 39
668.41 7 14 33 39
669.28 7 14 0 39
669.74 8 13 33 39
674.58 2 -1 48 39
678.66 5 4 64 39
700.12 18 34 0 39
701.53 17 35 2197u4 39
703.02 18 34 235 39
711.99 25 32 148 39
714.66 25 32 0 39
746.74 79 32 539 39
748.86 78 32 151 39
749.51 79 32 538 39
751.11 78 32 0 39
760.93 74 33 151 39
762.79 74 33 0 39
770.19 58 32 420 39
776.26 56 32 151 39
778.41 54 32 422 39
780.52 56 32 0 39
793.29 11 35 151 39
802.76 18 34 0 39
804.12 17 35 2197u3 39
805.71 18 34 235 39
806.46 15 34 0 39
807.82 15 34 1216 39
810.37 13 33 0 39
813.89 8 36 4154 39
816.92 21 39 1422 39
824.47 21 39 0 39
836.44 78 32 1422 39
838.07 79 32 563 39
840.62 79 32 562 39
842.99 78 32 0 39
843.94 78 33 1422 39
848.43 79 32 565 39
850.07 78 33 0 39
850.86 78 32 1422 39
852.76 80 32 292 39
853.14 79 32 565u3 39
854.16 79 32 565u2 39
855.04 79 32 565u1 39
855.69 80 32 0 39
856.89 78 32 0 39
857.51 78 32 1422 39
859.49 80 32 292 39
860.04 79 32 565u0 39
861.11 79 32 566 39
862.04 80 32 0 39
863.07 78 32 0 39
867.74 53 32 1422 39
869.69 54 32 423 39
871.27 54 32 424 39
874.81 53 32 0 39
898.51 18 37 876 39
900.16 18 37 878 39
904.82 12 34 1422 39
906.44 13 34 425 39
909.41 13 34 426 39
911.91 13 34 0 39
913.82 12 34 0 39
918.86 23 36 1422 39
922.06 22 38 292 39
924.97 21 39 292 39
929.59 18 37 876 39
944.15 18 34 0 39
944.89 17 35 2197u2 39
948.74 15 35 235 39
954.82 17 47 0 39
964.74 20 68 64 39
966.09 21 69 48 39
967.09 21 68 64 39
968.72 16 67 48 39
970.35 20 67 64 39
972.82 12 67 48 39
976.10 21 67 64 39
986.20 40 91 49 39
992.64 41 94 61 39
993.24 40 94 0 39
996.19 33 91 227 39
1003.92 34 91 224 39
1005.64 34 91 244 39
1015.40 21 68 0 -1
1015.40 21 68 225 39
1016.15 21 68 226 39
1018.77 22 68 64 39
1019.59 21 68 297 39
1020.44 22 67 227 39
1031.02 21 67 67 39
1032.90 20 67 67 39
1033.75 20 68 67 39
1035.94 22 68 67 39
1037.92 22 68 0 39
1038.97 20 68 557 39
1040.74 21 67 0 39
1041.34 20 67 557 39
1050.05 15 40 1317u1 39
1051.42 15 40 1317u2 39
1060.64 15 35 0 39
1072.87 21 68 0 39
1080.82 15 52 0 -1
1080.82 15 52 245 39
1081.22 15 52 251 39
1081.62 15 52 0 -1
1081.62 15 52 33 39
1088.67 15 35 251 39
1090.65 16 33 1603u2 39
1094.07 14 39 1099u1 39
1096.59 15 35 252 39
1098.37 16 33 1603u3 39
1099.92 15 35 0 39
1100.90 18 37 878 39
1102.13 19 38 252 39
1103.17 18 37 876 39
1103.85 17 38 1602u0 39
1104.62 17 39 236 39
1105.45 17 38 236 39
1106.88 18 39 236 39
1107.55 19 38 0 39
1111.25 17 38 264 39
1112.40 18 39 264 39
1113.20 17 39 264 39
1114.97 19 40 252u0 39
1115.92 18 37 878 39
1116.65 18 37 876 39
1117.35 18 37 878 39
1118.85 18 37 876 39
1120.99 16 34 0 39
1121.84 16 34 1602u1 39
1122.67 16 33 1603u2 39
1124.32 17 35 2197u1 39
1126.55 16 33 1603u3 39
1127.25 16 34 1602u0 39
1129.17 18 37 878 39
1130.47 18 37 876 39
1131.35 19 39 236 39
1132.15 19 40 0 39
1132.75 19 39 264 39
1133.49 20 40 235 39
1137.09 20 40 4056 39
1138.70 20 40 4057 39
1140.65 20 40 0 39
1142.20 20 38 802 39
1144.64 20 39 235 39
1145.93 20 39 4056 39
1148.52 20 39 4057 39
1153.13 20 39 0 39
1154.04 19 39 802 39
1154.48 20 39 235 39
1155.72 20 39 4056 39
1157.58 20 39 4057 39
1165.35 20 39 0 39
1167.28 17 38 802 39
1168.53 20 39 235 39
1169.97 20 39 4056 39
1171.88 20 39 4057 39
1173.87 20 39 0 39
1174.90 18 39 802 39
1175.48 20 39 235 39
1176.93 20 39 4056 39
1179.03 20 39 4057 39
1180.70 20 39 0 39
1184.05 17 39 802 39
1185.92 20 39 235 39
1186.92 18 37 878 39
1189.55 18 37 876 39
1192.63 17 34 0 39
1193.92 15 35 71u2 39
1196.42 19 34 49 39
1196.87 17 34 61 39
1198.07 18 36 0 39
1198.95 17 36 75 39
1200.73 18 35 74 39
1201.37 19 34 49 39
1203.45 19 33 0 -1
1203.45 19 33 61 39
1204.68 20 33 64 39
1205.90 20 34 48 39
1210.98 18 33 62 39
1212.32 18 35 0 39
1215.33 17 36 75 39
1215.99 18 35 74 39
1217.42 18 33 0 39
1219.33 17 36 67 39
1220.75 17 34 78 39
1221.38 18 34 62 39
1222.77 16 35 72 39
1225.82 17 34 82 39
1227.15 15 36 1316u0 39
1229.47 17 34 346 39
1230.42 16 35 0 39
1231.43 18 37 878 39
1233.75 18 40 247 39
1235.53 19 34 49 39
1238.52 18 38 61 39
1239.35 18 37 876 39
1244.02 17 36 0 39
1244.88 17 34 346 39
1246.02 18 37 878 39
1247.40 18 40 249 39
1249.47 17 36 248 39
1250.37 18 37 876 39
1251.67 18 34 0 39
1252.57 18 34 62 39
1259.55 18 37 878 39
1263.95 19 39 0 39
1265.48 18 40 250 39
1266.28 19 40 803 39
1267.20 18 39 0 39
1267.92 18 40 250 39
1268.65 18 39 803 39
1269.52 17 39 0 39
1270.73 18 40 250 39
1272.18 17 39 803 39
1273.05 17 38 0 39
1276.10 18 40 250 39
1276.80 19 39 803 39
1278.40 20 38 0 39
1279.90 18 40 250 39
1283.77 20 39 0 39
1286.65 17 35 2197u0 39
1290.57 19 38 235 39
1293.85 20 40 0 39
1303.65 9 36 779 39
1322.51 5 -1 64 39
1322.91 6 -1 64 39
1326.02 4 -1 64 39
1326.80 7 -1 64 39
1327.93 5 1 64 39
1328.90 6 1 64 39
1329.46 4 1 64 39
1330.30 6 2 64 39
1331.13 5 2 64 39
1332.38 6 3 64 39
1333.40 4 2 64 39
1333.78 4 2 4062u0 -1
1334.53 4 2 64 39
1335.30 4 3 64 39
1336.35 5 3 64 39
1337.30 6 4 64 39
1339.58 6 4 67 39
1340.08 5 4 67 39
1340.98 6 3 67 39
1341.60 5 3 67 39
1342.11 4 3 67 39
1343.03 4 2 67 39
1343.62 5 2 67 39
1344.08 6 2 67 39
1344.98 6 1 67 39
1345.46 5 1 67 39
1347.31 4 1 67 39
1349.28 4 -1 67 39
1349.66 5 -1 67 39
1350.36 6 -1 67 39
1350.93 7 -1 67 39
1353.96 7 -1 0 39
1354.36 6 -1 557 39
1355.67 4 -1 0 39
1355.98 5 -1 557 39
1357.46 6 1 0 39
1358.30 5 1 557 39
1359.30 4 1 0 39
1360.13 6 2 557 39
1360.90 4 2 0 39
1362.23 5 2 557 39
1363.95 4 3 0 39
1364.96 6 3 557 39
1366.63 6 4 0 39
1368.56 5 3 557 39
1391.73 20 33 67 39
1393.83 20 33 0 39
1399.46 9 36 4154 39
1409.56 6 -1 0 -1
1409.56 6 -1 1422 39
1411.30 6 -1 0 39
1411.96 5 -1 0 -1
1411.96 5 -1 1422 39
1413.05 5 -1 0 39
1413.80 5 0 1422 39
1414.73 5 0 0 39
1416.43 6 5 1422 39
1418.60 5 4 557 39
1418.91 5 4 0 39
1419.91 6 5 0 39
1437.00 -7 41 1422 39
1437.75 -7 41 0 39
1438.46 -7 42 1422 39
1439.93 -7 41 557 39
1441.86 -6 41 0 -1
1441.86 -6 41 557 39
1443.38 -9 41 107 39
1444.18 -7 42 0 39
1446.26 -10 40 1422 39
1454.01 -8 41 557 39
1454.68 -10 40 0 39
1456.41 -7 42 1422 39
1458.75 -9 41 0 -1
1458.75 -9 41 557 39
1459.65 -9 42 0 -1
1459.65 -9 42 107 39
1460.93 -7 42 0 39
1462.00 -8 42 0 -1
1462.00 -8 42 1422 39
1463.26 -8 42 0 39
1467.43 -6 48 0 -1
1467.43 -6 48 1422 39
1470.26 -6 48 0 39
1472.66 -7 48 0 -1
1472.66 -7 48 1422 39
1473.80 -7 48 0 39
1482.88 16 35 1422 39
1484.16 16 33 1603u2 39
1484.91 17 35 1250 39
1487.20 16 33 1603u3 39
1488.21 16 35 0 39
1491.23 15 35 0 -1
1491.23 15 35 1422 39
1495.78 18 36 71u2 39
1496.75 15 35 0 39
1500.31 18 34 1422 39
1501.66 16 35 132 39
1502.50 18 36 0 39
1503.38 16 35 72 39
1504.44 16 35 0 -1
1504.44 16 35 71u2 39
1505.25 15 35 72 39
1506.39 18 34 0 39
1507.10 18 34 1422 39
1508.58 16 35 0 39
1509.98 16 35 71u2 39
1511.60 16 35 0 -1
1511.60 16 35 132 39
1512.11 16 35 72 39
1512.60 16 35 0 -1
1512.60 16 35 71u2 39
1513.41 15 35 1599u0 39
1515.40 16 35 0 -1
1515.40 16 35 132 39
1515.93 16 35 72 39
1516.30 16 35 0 -1
1516.30 16 35 71u2 39
1517.01 15 35 1599u1 39
1519.64 15 31 0 39
1522.10 18 34 1422 39
1523.96 16 35 0 -1
1523.96 16 35 132 39
1525.13 16 35 72 39
1525.51 16 35 0 -1
1525.51 16 35 71u2 39
1525.94 15 35 1599u2 39
1527.26 18 34 0 39
1536.76 17 38 1422 39
1539.36 18 37 876 39
1540.49 17 35 86 39
1542.08 18 34 1217 39
1549.78 18 34 0 39
1551.21 18 34 1217 39
1555.66 15 35 1599u1 39
1557.24 15 35 1599u2 39
1560.38 18 37 878 39
1562.63 20 39 0 39
1576.81 5 1 0 -1
1576.81 5 1 1422 39
1577.61 5 1 0 39
1578.11 5 2 0 -1
1578.11 5 2 1422 39
1578.93 5 2 0 39
1579.43 6 2 0 -1
1579.43 6 2 1422 39
1580.28 6 2 0 39
1580.78 6 3 0 -1
1580.78 6 3 1422 39
1582.16 6 3 0 39
1583.39 5 3 0 -1
1583.39 5 3 1422 39
1584.46 6 3 557 39
1584.86 5 3 0 39
1595.26 -8 43 1422 39
1597.09 -9 42 0 -1
1597.09 -9 42 557 39
1598.48 -9 44 107 39
1599.59 -9 43 557 39
1600.51 -8 43 0 39
1602.01 -10 45 1422 39
1603.34 -9 44 0 -1
1603.34 -9 44 557 39
1604.01 -9 45 107 39
1605.13 -9 45 0 -1
1605.13 -9 45 557 39
1606.11 -9 46 107 39
1606.64 -10 45 0 39
1610.34 -3 44 779 39
1612.08 -3 44 4154 39
1615.59 11 36 558 -1
1618.79 6 36 0 -1
1618.79 6 36 1422 39
1621.54 5 36 557 39
1622.09 5 36 0 39
1623.13 6 36 0 39
1624.23 6 37 0 -1
1624.23 6 37 1422 39
1627.54 6 38 557 39
1628.71 6 37 0 39
1629.53 6 38 0 -1
1629.53 6 38 1422 39
1631.59 6 37 292 39
1632.11 5 37 0 39
1633.03 5 38 557 39
1633.84 5 38 0 39
1635.38 6 38 0 39
1636.06 6 39 1422 39
1637.04 5 39 0 39
1638.18 5 40 557 39
1638.78 5 40 0 39
1639.79 6 39 0 39
1651.26 6 3 0 -1
1651.26 6 3 1422 39
1652.08 6 3 0 39
1657.99 11 36 558 -1
1663.89 22 40 1422 39
1681.24 22 40 0 39
1684.64 18 37 876 39
1696.24 -10 47 1422 39
1698.21 -9 46 0 -1
1698.21 -9 46 557 39
1698.94 -9 47 107 39
1700.18 -9 47 0 -1
1700.18 -9 47 557 39
1701.18 -9 48 107 39
1701.81 -10 47 0 39
1703.06 -7 49 1422 39
1704.44 -9 48 0 -1
1704.44 -9 48 557 39
1705.21 -7 48 107 39
1706.49 -8 48 557 39
1707.26 -7 49 0 39
1710.40 -3 49 1422 39
1711.21 -5 48 406 39
1713.99 -3 49 0 39
1716.62 -3 45 0 -1
1716.62 -3 45 1422 39
1721.09 -5 48 340 39
1722.56 -3 47 334 39
1723.53 -3 45 0 39
1725.44 -5 49 1422 39
1726.54 -5 48 341 39
1728.66 -5 48 339 39
1730.23 -5 48 338 39
1731.84 -5 49 0 39
1734.29 11 36 558 -1
1736.73 13 41 1422 39
1738.71 15 40 1317u3 39
1740.07 14 40 1316u0 39
1741.59 14 40 1316u1 39
1742.21 13 41 0 39
1745.34 17 35 1422 39
1746.32 16 35 0 -1
1746.32 16 35 132 39
1746.74 16 35 72 39
1748.04 16 35 0 -1
1748.04 16 35 71u2 39
1748.74 15 35 1599u3 39
1749.54 17 35 0 39
1759.46 8 54 1422 39
1760.24 6 53 48 39
1763.01 4 55 48 39
1764.69 8 54 0 39
1771.56 -3 46 0 -1
1771.56 -3 46 1422 39
1772.89 -5 48 496 39
1774.34 -5 47 502u2 39
1775.21 -5 48 0 39
1777.24 -4 48 0 39
1778.62 -3 46 0 39
1780.21 -6 49 1422 39
1782.51 -5 49 64 39
1784.21 -4 49 64 39
1785.24 -6 49 0 39
1785.74 -6 49 1422 39
1790.74 -5 49 67 39
1791.12 -4 49 67 39
1794.67 -4 49 0 39
1795.09 -5 49 557 39
1795.54 -5 49 0 39
1797.29 -7 50 0 39
1798.79 -7 50 1422 39
1803.79 -7 48 0 -1
1803.79 -7 48 557 39
1804.57 -6 48 107 39
1805.52 -7 50 0 39
1847.14 1 45 1422 39
1855.17 1 45 0 39
1866.67 17 35 1422 39
1868.19 16 35 0 -1
1868.19 16 35 132 39
1868.56 16 35 72 39
1869.14 16 35 0 -1
1869.14 16 35 71u2 39
1869.72 15 35 1599 39
1871.09 16 35 0 -1
1871.09 16 35 496 39
1871.61 16 35 72 39
1873.71 17 34 71u2 39
1874.41 17 35 0 39
1885.07 20 67 0 -1
1885.07 20 67 1422 39
1886.26 20 67 0 39
1886.89 20 68 0 -1
1886.89 20 68 1422 39
1887.77 20 68 0 39
1902.12 16 80 0 -1
1902.12 16 80 1422 39
1903.11 16 80 0 39
1910.19 -4 79 1422 39
1911.01 -5 79 48 39
1911.47 -3 79 64 39
1916.32 -3 79 67 39
1918.42 -4 79 0 39
1919.19 -1 79 1422 39
1921.87 -3 80 64 39
1923.94 -3 80 67 39
1925.44 -3 80 0 39
1926.35 -3 79 557 39
1926.94 -3 79 0 39
1928.29 -1 79 0 39
1949.74 26 119 1422 39
1951.25 22 117 48 39
1953.09 26 119 0 39
1958.45 29 131 1422 39
1959.90 26 131 48 39
1960.75 28 132 64 39
1964.02 29 132 64 39
1964.62 29 131 0 39
1965.34 30 132 1422 39
1967.34 28 132 67 39
1967.94 29 132 67 39
1970.90 29 132 0 39
1971.29 28 132 557 39
1971.70 28 132 0 39
1972.51 30 132 0 39
2018.71 -6 49 1422 39
2021.57 -6 48 0 -1
2021.57 -6 48 557 39
2022.45 -5 48 107 39
2024.14 -5 48 0 -1
2024.14 -5 48 557 39
2026.92 -4 48 557 39
2030.07 -6 51 0 39
2032.87 -2 49 1422 39
2035.54 -2 48 0 -1
2035.54 -2 48 557 39
2037.15 -2 49 0 39
2045.00 -4 44 779 39
2046.72 -4 44 4154 39
2072.85 -4 29 1422 39
2073.79 -2 28 48 39
2075.00 -4 29 0 39
2076.35 -4 33 1422 39
2077.22 -2 32 48 39
2078.40 -4 33 0 39
2087.62 0 59 1422 39
2089.45 0 60 48 39
2091.45 -1 58 64 39
2094.35 -1 58 67 39
2094.64 -1 58 69 39
2096.19 0 59 0 39
2096.70 -1 59 1422 39
2097.77 0 59 64 39
2099.35 1 59 64 39
2102.37 0 59 67 39
2102.80 1 59 67 39
2104.84 -1 59 0 39
2105.30 0 59 0 -1
2105.30 0 59 1422 39
2105.85 1 59 557 39
2106.28 1 59 0 39
2107.09 0 59 0 39
2107.72 -1 58 0 -1
2107.72 -1 58 1422 39
2110.15 -1 58 0 39
2117.37 -4 40 1422 39
2120.43 -4 41 4143 39
2121.60 -4 40 0 39
2131.67 0 46 1422 39
2133.97 -2 47 0 -1
2133.97 -2 47 557 39
2135.83 0 46 0 39
2145.03 17 35 1422 39
2152.42 17 35 0 39
2152.97 18 37 878 39
2154.92 20 40 1422 39
2155.88 19 39 0 39
2157.50 19 39 803u2 39
2160.12 20 39 236 39
2161.08 20 40 0 39
2165.28 18 36 1422 39
2167.77 17 35 132 39
2168.42 17 34 0 39
2169.15 17 35 72 39
2169.68 17 35 0 -1
2169.68 17 35 71u2 39
2170.10 16 35 1599u0 39
2172.27 17 35 0 -1
2172.27 17 35 132 39
2173.47 17 35 72 39
2174.02 17 35 0 -1
2174.02 17 35 71u2 39
2174.42 16 35 1599u1 39
2177.38 20 36 0 39
2179.30 19 39 0 -1
2179.30 19 39 1422 39
2193.98 22 40 0 39
2209.32 2 46 1422 39
2211.42 -2 46 0 -1
2211.42 -2 46 107 39
2213.38 2 46 0 39
2214.97 11 36 558 -1
2229.37 10 36 779 39
2243.42 11 36 558 -1
2246.18 11 36 558 39
2248.02 11 36 1851 39
2250.55 17 35 0 -1
2250.55 17 35 132 39
2251.06 17 35 72 39
2251.45 17 35 0 -1
2251.45 17 35 71u2 39
2252.05 16 35 1599u2 39
2254.37 11 36 558 -1
2254.88 10 36 4154 39
2304.91 20 40 1422 39
2311.98 19 39 803u1 39
2316.50 18 38 0 39
2332.38 18 -11 0 -1
2332.38 18 -11 1422 39
2333.28 18 -11 0 39
2348.65 51 9 0 -1
2348.65 51 9 1422 39
2349.58 51 9 0 39
2352.06 51 7 1422 39
2352.98 51 7 0 39
2353.51 51 8 0 -1
2353.51 51 8 1422 39
2354.46 51 8 0 39
2355.66 52 8 0 -1
2355.66 52 8 1422 39
2356.56 52 8 0 39
2368.03 9 13 1422 39
2369.17 7 13 0 -1
2369.17 7 13 291 39
2370.61 9 14 107 39
2372.50 9 14 0 39
2372.80 8 14 107 39
2374.18 7 14 291 39
2374.91 9 13 0 39
2375.68 6 14 1422 39
2377.93 7 15 291 39
2379.53 7 16 291 39
2380.30 6 14 0 39
2390.15 69 15 0 -1
2390.15 69 15 1422 39
2391.51 69 15 0 39
2393.22 68 19 0 -1
2393.22 68 19 1422 39
2394.16 68 19 0 39
2395.83 74 19 0 -1
2395.83 74 19 1422 39
2396.70 74 19 0 39
2397.46 74 21 1422 39
2398.23 74 21 0 39
2399.15 74 22 0 -1
2399.15 74 22 1422 39
2400.35 74 22 0 39
2412.45 9 17 1422 39
2415.96 7 17 291 39
2417.56 7 18 291 39
2419.16 9 17 0 39
2419.95 8 19 1422 39
2422.86 7 19 291 39
2424.31 7 20 291 39
2424.78 8 19 0 39
2426.41 16 20 1422 39
2431.46 16 20 0 39
2437.05 19 39 0 -1
2437.05 19 39 1422 39
2441.80 19 39 0 39
2460.59 69 23 0 -1
2460.59 69 23 1422 39
2461.44 69 23 0 39
2462.08 71 23 0 -1
2462.08 71 23 1422 39
2462.99 71 23 0 39
2463.74 73 23 0 -1
2463.74 73 23 1422 39
2464.61 73 23 0 39
2465.11 74 23 0 -1
2465.11 74 23 1422 39
2465.91 74 23 0 39
2477.69 8 20 1422 39
2478.94 7 21 291 39
2479.94 7 21 1836u0 -1
2480.68 7 21 291 39
2481.30 7 22 291 39
2482.03 8 20 0 39
2482.53 8 22 1422 39
2484.31 7 23 291 39
2485.64 7 24 291 39
2486.48 8 22 0 39
2496.68 72 26 0 -1
2496.68 72 26 1422 39
2497.53 72 26 0 39
2498.06 73 27 0 -1
2498.06 73 27 1422 39
2498.93 73 27 0 39
2500.41 74 24 0 -1
2500.41 74 24 1422 39
2501.28 74 24 0 39
2501.91 76 25 0 -1
2501.91 76 25 1422 39
2502.84 76 25 0 39
2517.39 9 24 1422 39
2519.36 7 25 291 39
2521.34 7 26 291 39
2523.54 7 27 291 39
2524.96 9 24 0 39
2527.13 6 27 1422 39
2528.61 7 28 291 39
2529.24 6 27 0 39
2537.25 9 33 0 -1
2537.25 9 33 1422 39
2538.00 9 34 0 -1
2538.00 9 34 291 39
2539.29 8 35 227 39
2540.44 9 33 0 39
2541.31 9 33 1422 39
2546.94 9 33 0 39
2560.91 68 29 0 -1
2560.91 68 29 1422 39
2561.74 68 29 0 39
2563.19 73 29 0 -1
2563.19 73 29 1422 39
2564.11 73 29 0 39
2565.04 74 31 0 -1
2565.04 74 31 1422 39
2566.06 74 31 0 39
2566.81 76 30 0 -1
2566.81 76 30 1422 39
2567.71 76 30 0 39
2580.41 9 32 1422 39
2583.66 7 31 291 39
2585.63 7 32 0 -1
2585.63 7 32 291 39
2587.31 7 33 0 -1
2587.31 7 33 291 39
2588.88 9 32 0 39
2590.36 9 30 1422 39
2592.76 9 29 291 39
2593.69 9 30 0 39
2600.78 9 36 779 39
2611.68 20 39 1602u0 39
2624.76 12 34 198 39
2626.78 13 34 426 39
2630.48 13 33 564 39
2634.98 14 38 30u4 39
2646.04 13 33 0 39
2661.97 58 33 0 39
2678.74 7 34 0 -1
2678.74 7 34 291 39
2682.49 18 35 0 -1
2682.49 18 35 66 39
2683.24 18 35 0 -1
2683.24 18 35 74 39
2683.66 17 35 0 -1
2683.66 17 35 66 39
2684.02 17 35 72 39
2684.51 17 35 0 -1
2684.51 17 35 71u2 39
2684.86 16 35 1599u3 39
2696.69 14 33 564 39
2704.62 14 38 30u3 39
2708.86 21 39 0 39
2713.21 13 37 303 39
2713.98 14 37 0 -1
2713.98 14 37 298 39
2722.61 17 34 302 39
2723.56 16 33 1603u2 39
2724.99 17 34 0 -1
2724.99 17 34 235 39
2725.64 17 34 318 39
2726.06 17 34 0 39
2754.29 90 35 0 -1
2754.29 90 35 87 39
13502.56 2 -1 48 40
13506.03 4 1 64 40
13507.99 3 2 48 40
13509.09 5 1 64 40
13515.66 8 14 0 40
13516.68 7 13 0 -1
13516.68 7 13 107 40
13518.13 8 13 0 -1
13518.13 8 13 291 40
13518.73 7 13 486 40
13519.51 8 13 0 -1
13519.51 8 13 33 40
13520.12 7 13 0 40
13520.12 7 13 f1596 40
13521.54 7 14 0 -1
13521.54 7 14 107 40
13522.71 8 14 291 40
13523.86 8 13 0 40
13524.66 7 14 486 40
13525.11 8 14 0 -1
13525.11 8 14 33 40
13525.86 7 14 0 40
13525.86 7 14 f1596 40
13527.36 7 15 0 -1
13527.36 7 15 107 40
13527.96 8 15 291 40
13528.93 8 14 0 40
13529.58 7 15 486 40
13530.06 8 15 0 -1
13530.06 8 15 33 40
13530.84 7 15 0 40
13530.84 7 15 f1596 40
13531.99 7 16 0 -1
13531.99 7 16 107 40
13533.43 8 16 291 40
13534.33 8 15 0 40
13535.94 7 16 486 40
13537.01 8 16 0 -1
13537.01 8 16 33 40
13537.78 7 16 0 40
13537.78 7 16 f1596 40
13538.84 7 17 0 -1
13538.84 7 17 107 40
13539.44 8 17 291 40
13540.31 8 16 0 40
13541.11 7 17 486 40
13541.74 8 17 0 -1
13541.74 8 17 33 40
13542.48 7 17 0 40
13542.48 7 17 f1596 40
13544.39 7 18 0 -1
13544.39 7 18 107 40
13546.43 8 18 291 40
13547.16 8 17 0 40
13548.23 7 18 486 40
13548.71 8 18 0 -1
13548.71 8 18 33 40
13549.41 7 18 0 40
13549.41 7 18 f1596 40
13550.98 8 19 107 40
13552.89 8 19 0 40
13553.56 7 19 0 -1
13553.56 7 19 107 40
13554.21 8 19 291 40
13555.04 8 18 0 40
13555.81 7 19 486 40
13556.21 8 19 0 -1
13556.21 8 19 33 40
13556.78 7 19 0 40
13556.78 7 19 f1596 40
13557.58 8 20 107 40
13559.27 8 19 0 40
13561.09 8 20 0 -1
13561.09 8 20 33 40
13561.64 7 20 0 -1
13561.64 7 20 107 40
13562.54 8 20 0 -1
13562.54 8 20 291 40
13563.23 7 20 486 40
13563.86 8 20 0 -1
13563.86 8 20 33 40
13564.62 7 20 0 40
13564.62 7 20 f1596 40
13565.47 8 20 0 -1
13565.47 8 20 107 40
13566.83 8 20 0 -1
13566.83 8 20 33 40
13568.19 8 20 0 -1
13568.19 8 20 107 40
13569.14 8 20 0 -1
13569.14 8 20 33 40
13571.38 7 21 0 -1
13571.38 7 21 107 40
13571.94 8 21 291 40
13572.82 8 20 0 40
13574.71 7 21 486 40
13575.29 8 21 0 -1
13575.29 8 21 33 40
13576.44 7 21 0 40
13576.44 7 21 f1596 40
13578.74 7 22 0 -1
13578.74 7 22 107 40
13579.34 8 22 291 40
13580.21 8 21 0 40
13581.03 7 22 486 40
13581.49 8 22 0 -1
13581.49 8 22 33 40
13582.81 7 22 0 40
13582.81 7 22 f1596 40
13585.61 7 23 0 -1
13585.61 7 23 107 40
13587.41 8 23 291 40
13588.14 8 22 0 40
13589.72 7 23 486 40
13590.21 8 23 0 -1
13590.21 8 23 33 40
13591.06 7 23 0 40
13591.06 7 23 f1596 40
13593.59 8 24 107 40
13595.34 8 24 0 40
13595.72 7 24 0 -1
13595.72 7 24 107 40
13596.51 8 24 291 40
13597.39 8 23 0 40
13598.47 7 24 486 40
13598.98 8 24 0 -1
13598.98 8 24 33 40
13599.69 7 24 0 40
13599.69 7 24 f1596 40
13601.97 7 25 0 -1
13601.97 7 25 107 40
13602.59 8 25 291 40
13603.52 8 24 0 40
13605.22 7 25 486 40
13606.22 8 25 0 -1
13606.22 8 25 33 40
13606.86 7 25 0 40
13606.86 7 25 f1596 40
13608.39 7 26 0 -1
13608.39 7 26 107 40
13608.97 8 26 291 40
13609.86 8 25 0 40
13610.67 7 26 486 40
13611.19 8 26 0 -1
13611.19 8 26 33 40
13611.96 7 26 0 40
13611.96 7 26 f1596 40
13613.04 7 27 0 -1
13613.04 7 27 107 40
13614.51 8 26 0 -1
13614.51 8 26 291 40
13618.02 7 27 486 40
13618.89 8 26 0 -1
13618.89 8 26 33 40
13620.16 7 27 0 40
13620.16 7 27 f1596 40
13621.29 7 28 0 -1
13621.29 7 28 107 40
13622.61 7 27 291 40
13623.52 8 26 0 40
13624.73 7 28 486 40
13625.39 7 27 0 -1
13625.39 7 27 33 40
13626.21 7 28 0 40
13626.21 7 28 f1596 40
13628.62 7 28 107 40
13634.17 16 36 1599u3 40
13638.54 19 39 72 40
13639.47 19 40 0 40
13648.21 12 34 0 40
13649.51 13 34 0 40
13651.01 14 33 0 40
13661.49 -4 41 558 -1
13667.64 -5 45 0 40
13670.27 -7 41 556 40
13677.39 -6 41 556 40
13678.39 -8 41 556 40
13679.59 -9 41 556 40
13680.66 -9 42 556 40
13682.59 -9 43 556 40
13684.01 -9 44 556 40
13684.87 -9 45 556 40
13685.61 -9 46 556 40
13686.27 -9 47 556 40
13686.96 -9 48 556 40
13687.54 -8 48 556 40
13693.32 -7 48 556 40
13694.44 -6 48 556 40
13695.22 -5 48 556 40
13696.32 -4 48 556 40
13697.52 -2 48 556 40
13699.34 -2 47 556 40
13700.67 -3 46 462u1 40
13718.21 -2 46 0 40
13720.02 -3 48 3109 40
13732.72 16 33 1603u1 40
13736.27 14 39 1099u0 40
13744.57 -4 49 382 40
13748.99 -5 47 0 40
13751.51 -3 49 502u2 40
13752.62 -4 49 0 40
13754.22 -4 49 382 40
13754.96 -3 49 0 40
13755.49 -3 48 801 40
13756.47 -3 49 502u2 40
13758.39 -3 48 498 40
13760.01 -3 48 0 -1
13760.01 -3 48 107 40
13789.50 17 35 0 -1
13789.50 17 35 498 40
13790.37 17 35 72 40
13790.79 17 35 0 -1
13790.79 17 35 71u2 40
13791.30 16 35 1599 40
13792.35 17 35 0 40
13795.19 17 34 71u2 40
13796.77 15 36 344 40
13798.72 15 36 0 40
13799.52 15 36 344 40
13801.00 15 36 1316u0 40
13809.64 -2 48 0 40
13810.65 -3 48 0 -1
13810.65 -3 48 556 40
13811.62 -2 48 107 40
13813.59 -4 49 0 40
13821.37 14 39 1099u1 40
13823.47 13 41 235 40
13830.79 -2 47 0 40
13831.69 -2 48 0 -1
13831.69 -2 48 556 40
13837.05 -2 46 107 40
13840.04 -3 49 0 40
13843.70 -4 45 503 40
13846.24 -1 46 502u2 40
13850.94 -4 45 508u2 40
13852.84 -4 45 546u2 40
13853.89 -4 45 506 40
13854.20 -4 45 882u2 40
13855.82 -4 45 883u2 40
13859.14 -4 45 881 40
13865.44 11 36 558 -1
13884.94 22 39 0 40
13917.52 22 39 227 40
13918.69 22 38 0 40
13920.72 22 37 0 -1
13920.72 22 37 292 40
13922.04 22 38 134 40
13924.04 22 39 0 40
13934.94 11 21 227 40
13942.32 11 22 138 40
13944.90 11 22 137 40
13946.70 11 21 292 40
13948.67 10 21 852 40
13949.97 10 21 0 40
13955.97 11 21 0 40
13966.10 16 44 292 40
13968.04 19 46 48 40
13969.83 20 48 64 40
13973.44 20 48 67 40
13975.45 20 48 0 40
13977.10 20 46 557 40
13981.37 11 36 558 -1
13983.77 10 34 0 40
13985.00 10 34 291 40
13987.12 9 36 4154 40
13990.20 17 35 1422 40
13991.02 16 35 1599u3 40
13991.67 16 35 1599 40
13993.68 17 35 0 40
13994.70 17 35 1422 40
13997.83 17 34 0 -1
13997.83 17 34 66 40
13998.45 17 34 72 40
13999.15 17 34 0 -1
13999.15 17 34 71u2 40
14000.33 17 34 0 -1
14000.33 17 34 72 40
14000.92 17 33 71u2 40
14003.45 17 35 0 40
14006.25 21 39 1422 40
14007.47 19 39 0 40
14008.98 18 40 247 40
14012.68 19 40 236 40
14014.57 18 39 0 40
14021.90 21 39 852 40
14024.63 18 39 0 40
14052.32 20 46 0 -1
14052.32 20 46 1422 40
14054.25 20 46 0 40
14054.85 20 47 0 -1
14054.85 20 47 1422 40
14056.03 20 47 0 40
14071.38 -1 47 1422 40
14073.48 -2 45 0 -1
14073.48 -2 45 557 40
14075.30 -2 46 0 -1
14075.30 -2 46 557 40
14075.94 0 46 107 40
14077.87 -1 47 0 40
14079.53 11 36 558 -1
14085.62 17 35 1422 40
14089.80 17 33 0 -1
14089.80 17 33 132 40
14090.25 17 33 72 40
14090.82 17 33 0 -1
14090.82 17 33 71u2 40
14092.35 17 34 1599u0 40
14093.63 17 35 0 40
14108.18 5 1 0 -1
14108.18 5 1 1422 40
14109.55 4 2 64 40
14114.43 4 2 67 40
14115.48 4 1 67 40
14120.25 3 3 0 40
14122.52 4 1 0 -1
14122.52 4 1 1422 40
14124.45 4 2 557 40
14124.95 4 2 0 40
14125.97 4 1 0 40
14141.30 0 48 1422 40
14143.63 -2 47 557 40
14144.68 -3 46 0 40
14145.53 -2 47 556 40
14146.02 -2 46 556 40
14146.76 -2 45 556 40
14147.55 -3 46 462u1 40
14149.28 0 48 0 40
14153.80 9 41 779 40
14162.45 14 40 1316u0 40
14164.47 14 40 1316u1 40
14166.16 17 45 135 40
14168.85 17 45 150u0 -1
14170.31 16 46 0 40
14173.22 20 45 1120 40
14173.85 20 45 0 40
14175.81 16 45 1120 40
14188.76 17 46 0 40
14189.55 16 45 1247 40
14190.65 17 46 135 40
14199.86 16 45 0 40
14208.68 -1 45 1247 40
14220.66 -1 45 0 40
14224.70 -3 40 1247 40
14228.81 9 42 0 40
14230.13 9 42 227 40
14249.76 11 35 0 40
14259.00 12 28 49 40
14261.28 8 24 61 40
14295.70 -5 -53 48 40
14297.51 -3 -50 64 40
14310.03 -4 -50 148 40
14311.73 -4 -50 0 40
14321.45 2 -41 1330 40
14323.25 4 -41 151 40
14325.14 2 -41 1332 40
14326.21 4 -41 0 40
14351.69 -4 -38 152 40
14353.76 -5 -40 141 40
14358.16 -4 -38 0 40
14369.24 0 -35 1330 40
14370.68 1 -34 151 40
14372.01 0 -35 1332 40
14374.61 1 -34 0 40
14407.99 -7 -79 152 40
14409.64 -8 -81 143 40
14411.54 -7 -79 0 40
14437.24 -29 -78 152 40
14438.51 -29 -80 30u0 40
14439.63 -29 -80 279 40
14440.98 -29 -78 0 40
14461.76 -9 -64 1440 40
14463.94 -6 -64 151 40
14466.58 -6 -64 0 40
14472.81 -18 -67 1441 40
14475.14 -16 -67 151 40
14476.14 -18 -67 1443 40
14479.04 -18 -67 1445 40
14483.39 -16 -67 0 40
14549.43 11 36 558 -1
14552.02 11 35 152 40
14552.83 11 35 151 40
14576.97 18 45 292 40
14586.91 16 48 0 40
14643.76 -18 -67 1446 40
14686.36 -4 41 558 -1
14690.61 -3 43 2728 40
14693.47 -3 43 0 40
14696.67 -4 41 558 40
14698.72 -3 40 0 40
14699.11 -4 41 558 -1
14723.37 -3 42 2726 40
14725.52 -4 41 558 40
14727.87 -4 41 1851 40
14736.96 16 46 235 40
14742.29 24 48 1112u1 40
14751.14 17 46 0 -1
14751.14 17 46 1113 40
14751.89 17 46 1114 40
14752.47 17 46 0 -1
14752.47 17 46 135 40
14754.14 16 45 1114 40
14765.35 0 46 0 40
14766.75 -2 45 0 -1
14766.75 -2 45 107 40
14767.25 -1 45 556 40
14769.37 0 45 0 40
14770.82 -2 45 486 40
14771.69 -2 45 108 40
14772.07 -2 45 109 40
14772.97 0 45 33 40
14774.12 -1 46 0 40
14775.02 -2 45 554 40
14775.74 -1 45 0 -1
14775.74 -1 45 502u2 40
14776.75 -2 45 549 40
14777.64 -2 46 0 -1
14777.64 -2 46 107 40
14778.12 -1 46 556 40
14779.57 0 45 0 40
14780.57 -2 46 486 40
14781.19 -2 46 108 40
14781.90 -2 46 109 40
14782.51 -1 45 0 -1
14782.51 -1 45 33 40
14784.30 -2 46 554 40
14784.82 -1 46 0 -1
14784.82 -1 46 502u2 40
14787.09 -2 46 549 40
14787.97 -2 47 0 -1
14787.97 -2 47 107 40
14789.27 -1 47 556 40
14798.40 -1 45 0 40
14800.55 -2 47 486 40
14800.92 -2 47 108 40
14801.37 -2 47 109 40
14803.15 0 48 33 40
14816.70 -1 46 0 40
14820.52 -2 47 554 40
14821.02 -1 47 0 -1
14821.02 -1 47 502u2 40
14825.95 -2 47 549 40
14827.59 -2 48 0 -1
14827.59 -2 48 107 40
14828.82 -2 49 556 40
14829.75 -3 47 0 40
14830.99 -3 46 0 -1
14830.99 -3 46 334 40
14832.50 -3 47 462u1 40
14833.87 -4 45 0 40
14843.72 1 48 881 40
14844.29 0 48 0 40
14846.05 -2 48 486 40
14846.37 -2 48 108 40
14846.62 -2 48 109 40
14847.22 -2 48 110 40
14848.82 -1 47 0 -1
14848.82 -1 47 33 40
14852.04 -2 48 555 40
14853.27 -2 49 0 -1
14853.27 -2 49 502u2 40
14854.37 -2 48 551 40
14854.99 -3 48 0 -1
14854.99 -3 48 107 40
14856.59 -2 49 0 -1
14856.59 -2 49 556 40
14857.22 -3 49 502u2 40
14860.67 -1 47 0 40
14867.94 -3 48 486 40
14868.19 -3 48 108 40
14870.17 -4 49 33 40
14870.92 -3 49 0 40
14872.87 -3 48 553 40
14873.87 -3 49 502u1 40
14875.04 -2 49 0 40
14875.80 -3 48 550 40
14877.37 -4 48 0 -1
14877.37 -4 48 107 40
14878.38 -4 49 0 -1
14878.38 -4 49 556 40
14879.54 -4 48 486 40
14879.95 -4 48 108 40
14881.15 -3 49 0 -1
14881.15 -3 49 33 40
14882.34 -4 48 553 40
14883.02 -4 49 0 -1
14883.02 -4 49 502u0 40
14886.62 -4 48 550 40
14888.72 -5 48 0 -1
14888.72 -5 48 107 40
14889.80 -6 49 556 40
14891.00 -3 49 0 40
14892.04 -5 48 486 40
14892.65 -5 48 108 40
14893.99 -4 49 0 -1
14893.99 -4 49 33 40
14895.02 -5 48 553 40
14896.00 -5 49 858 40
14897.04 -6 49 0 40
14897.88 -5 48 550 40
14898.90 -5 49 0 -1
14898.90 -5 49 107 40
14907.19 14 42 0 -1
14907.19 14 42 858 40
14915.29 -5 49 0 -1
14915.29 -5 49 502u0 40
14918.72 -6 48 0 -1
14918.72 -6 48 107 40
14920.53 -6 49 556 40
14921.30 -4 49 0 40
14922.75 -6 48 486 40
14923.19 -6 48 108 40
14925.37 -5 49 0 -1
14925.37 -5 49 33 40
14927.03 -6 48 553 40
14928.22 -4 49 858 40
14928.92 -6 49 0 40
14933.10 -6 48 550 40
14934.35 -7 48 0 -1
14934.35 -7 48 107 40
14935.32 -7 49 556 40
14936.75 -5 49 0 40
14938.13 -7 48 486 40
14938.95 -7 48 108 40
14940.23 -5 49 33 40
14942.15 -4 49 0 40
14949.72 14 42 930 40
14950.13 14 42 0 40
14952.49 13 41 495 40
14952.73 13 41 0 40
14956.08 13 34 495 40
14957.92 16 34 236 40
14959.15 13 34 319 40
14963.03 14 33 236 40
14970.35 17 39 0 40
14983.37 16 48 59 40
14993.08 19 34 49 40
14994.27 17 35 61 40
14995.85 20 34 48 40
14997.30 20 33 64 40
14998.00 20 34 48 40
15001.37 18 36 62 40
15002.42 18 35 0 40
15003.18 17 36 75 40
15003.83 18 35 74 40
15004.77 18 36 0 40
15005.38 17 36 67 40
15006.98 17 35 78 40
15008.57 18 36 62 40
15012.90 16 35 1599u3 40
15013.45 17 35 82 40
15014.50 15 36 344 40
15015.47 17 35 346 40
15016.87 13 37 238 40
15019.98 17 34 72 40
15021.03 16 35 1599 40
15021.90 17 34 0 40
15024.77 13 37 281 40
15029.17 15 33 0 40
15037.60 17 36 0 40
15041.37 17 35 346 40
15045.23 13 37 282 40
15047.92 15 33 248 40
15049.02 15 36 0 40
15050.28 15 36 344 40
15053.25 15 34 0 40
15055.12 13 37 282 40
15056.95 15 34 1217 40
15057.85 14 34 0 40
15059.72 13 37 282 40
15062.30 14 34 1217 40
15066.55 13 38 0 40
15066.93 13 37 293 40
15087.73 11 36 558 -1
15093.92 9 41 4154 40
15099.58 10 36 779 40
15108.85 22 37 0 40
15121.03 23 40 292 40
15136.37 13 37 299 40
15139.33 13 38 127 40
15149.33 13 37 305 40
15154.71 15 33 0 40
15158.95 17 35 346 40
15162.55 12 34 248 40
15164.20 10 35 0 40
15166.06 12 34 0 -1
15166.06 12 34 441u3 40
15169.73 13 37 304 40
15171.95 15 33 248 40
15176.06 13 35 0 40
15177.08 13 37 304 40
15178.11 13 35 321 40
15179.68 13 34 0 40
15181.18 13 37 304 40
15183.20 13 34 321 40
15185.65 13 33 239 40
15188.13 13 35 325 40
15188.45 13 35 0 -1
15188.45 13 35 236 40
15191.20 12 32 325 40
15191.93 12 32 235 40
15193.65 13 33 0 -1
15193.65 13 33 326 40
15194.15 13 33 0 40
15196.00 13 37 304 40
15197.08 13 36 330 40
15198.60 12 34 0 -1
15198.60 12 34 239 40
15201.25 13 36 331 40
15201.73 13 36 854 40
15202.40 13 36 445 40
15203.08 13 36 444 40
15203.65 13 36 446 40
15204.23 13 36 447 40
15204.86 13 36 448 40
15205.65 13 36 499 40
15209.86 12 34 0 -1
15209.86 12 34 441u3 40
15229.21 20 33 67 40
15231.25 20 33 0 40
15234.70 13 33 67 40
15235.51 15 33 0 40
15237.71 17 36 67 40
15239.45 13 36 291 40
15241.31 13 33 502 40
15242.03 13 33 0 40
15257.38 -7 48 553 40
15258.38 -7 49 0 -1
15258.38 -7 49 502 40
15259.71 -7 48 550 40
15260.68 -8 48 0 -1
15260.68 -8 48 107 40
15261.75 -8 49 556 40
15263.33 -5 49 0 40
15264.73 -8 48 486 40
15265.39 -8 48 108 40
15266.83 -5 49 33 40
15275.48 17 45 135 40
15276.15 16 45 1118 40
15277.46 17 45 150u0 40
15292.86 16 45 1115 40
15297.20 25 48 1109 40
15307.18 14 39 0 40
15312.30 16 46 0 -1
15312.30 16 46 1099u1 40
15314.18 16 46 1099u0 40
15319.70 25 48 1110 40
15323.89 17 46 0 -1
15323.89 17 46 235 40
15325.91 17 45 150u1 40
15344.49 20 39 1602u1 40
15345.63 19 40 0 40
15346.31 20 39 1602u2 40
15348.31 23 40 0 40
15353.08 11 36 558 -1
15354.19 10 36 4154 40
15378.49 3 -41 1422 40
15379.54 3 -41 0 40
15380.14 4 -42 1422 40
15382.99 2 -41 1340 40
15386.36 4 -42 0 40
15387.36 4 -41 1422 40
15388.74 3 -41 292 40
15389.46 2 -41 1340u3 40
15390.66 2 -41 1340u2 40
15391.73 2 -41 1340u1 40
15392.56 3 -41 0 40
15393.71 3 -41 292 40
15394.41 4 -41 0 40
15395.09 4 -41 1422 40
15396.09 2 -41 1340u0 40
15397.14 2 -41 1343 40
15398.01 3 -41 0 40
15398.83 4 -41 0 40
15412.44 -5 -39 1422 40
15413.49 -5 -40 143 40
15414.83 -5 -39 0 40
15417.58 1 -34 1422 40
15422.36 0 -35 1340 40
15424.56 1 -34 0 40
15425.64 2 -33 1422 40
15430.23 1 -34 292 40
15431.43 0 -35 1340u3 40
15433.48 0 -35 1340u2 40
15443.12 6 -28 406 40
15446.04 6 -33 0 40
15447.76 2 -33 1422 40
15450.36 0 -35 1340u1 40
15452.71 1 -34 0 40
15454.88 4 -32 292 40
15455.78 2 -33 0 40
15456.56 1 -34 1422 40
15457.93 0 -35 1340u0 40
15460.59 4 -32 0 40
15462.96 1 -34 0 40
15464.61 1 -33 1422 40
15466.58 0 -35 1343 40
15469.88 1 -33 0 40
15486.56 17 39 1422 40
15489.16 19 38 1354 40
15504.16 16 33 0 40
15505.96 18 37 876 40
15506.89 18 37 878 40
15509.26 17 38 1603u1 40
15509.84 18 37 876 40
15510.76 17 38 1603u0 40
15511.69 17 39 235 40
15512.59 17 38 235 40
15513.52 18 39 235 40
15514.04 18 37 878 40
15516.17 18 37 876 40
15522.01 13 34 325 40
15523.12 14 33 1602u0 40
15524.61 13 34 235 40
15526.97 13 35 0 -1
15526.97 13 35 326 40
15528.77 14 33 1602u1 40
15529.52 14 33 0 40
15531.46 16 34 0 -1
15531.46 16 34 1602u1 40
15532.06 16 34 1602u2 40
15532.43 16 34 0 40
15532.91 15 33 1602u2 40
15535.33 12 32 0 40
15542.49 18 37 878 40
15545.36 18 37 876 40
15546.31 18 38 235 40
15562.67 18 39 0 -1
15562.67 18 39 292 40
15567.41 18 39 0 40
15568.24 18 39 292 40
15570.46 19 38 0 -1
15570.46 19 38 292 40
15577.79 20 40 1342 40
15578.34 19 39 0 40
15580.07 18 37 878 40
15583.32 10 36 779 40
15587.92 17 34 132 40
15589.34 17 33 0 40
15590.61 17 34 72 40
15591.09 16 34 71u2 40
15593.41 11 35 0 40
15594.22 11 35 151 40
15595.19 11 36 558 -1
15604.31 19 39 1354 40
15606.46 20 40 0 -1
15606.46 20 40 235 40
15607.02 20 40 1354 40
15607.32 20 40 0 40
15608.51 19 40 1354 40
15609.64 18 39 0 40
15618.47 20 40 292 40
15621.07 17 39 1354 40
15623.36 18 38 1354 40
15625.46 17 38 1354 40
15635.96 14 38 30u2 40
15638.27 14 38 30u1 40
15644.96 18 37 876 40
15646.30 18 37 878 40
15648.97 11 34 0 40
15650.01 11 34 291 40
15657.46 18 39 292 40
15661.22 19 34 49 40
15662.10 17 35 61 40
15663.82 20 34 48 40
15666.14 18 35 0 -1
15666.14 18 35 62 40
15667.17 17 36 75 40
15669.22 18 36 74 40
15669.89 18 35 0 40
15670.50 17 36 67 40
15672.51 17 35 78 40
15673.39 17 34 0 -1
15673.39 17 34 62 40
15677.80 17 35 82 40
15680.89 17 36 0 40
15681.70 17 35 82 40
15685.15 18 40 249 40
15688.85 17 36 248 40
15696.47 19 40 0 40
15711.00 18 36 0 -1
15711.00 18 36 1354 40
15712.04 18 36 0 -1
15712.04 18 36 74 40
15715.72 17 34 0 -1
15715.72 17 34 1354 40
15717.77 14 33 62 40
15723.12 14 38 30u0 40
15726.85 18 37 876 40
15731.77 16 35 1599u3 40
15733.09 18 37 878 40
15736.90 19 40 72 40
15741.22 20 40 0 40
15742.77 23 40 292 40
15750.07 19 39 0 40
15751.22 19 39 1354 40
15754.04 17 38 0 40
15755.84 17 35 85 40
15756.69 17 34 0 -1
15756.69 17 34 1355 40
15757.80 17 35 85 40
15760.45 18 38 0 -1
15760.45 18 38 1355 40
15762.15 17 35 85 40
15763.89 17 38 1355 40
15764.65 17 39 0 40
15766.65 17 35 85 40
15768.57 17 39 1355 40
15769.15 19 39 0 40
15769.80 18 37 876 40
15771.22 18 37 878 40
15776.32 17 35 85 40
15779.60 19 39 1355 40
15780.49 19 39 0 40
15783.44 19 39 235 40
15784.50 19 39 1354 40
15784.74 19 39 0 40
15787.12 17 35 85 40
15789.27 19 39 1355 40
15791.80 19 38 0 40
15793.90 18 39 0 40
15796.22 20 40 292 40
15808.74 16 45 0 40
15809.90 17 46 1120 40
15810.80 17 45 150u0 40
15812.17 17 46 1247 40
15813.19 16 45 135 40
15814.38 17 46 0 40
15816.25 11 36 558 -1
15820.22 -4 41 558 -1
15824.70 -4 41 558 -1
15844.54 -3 42 2727 40
15845.67 -4 42 235 40
15852.37 -4 42 0 40
15853.43 -4 41 558 -1
15855.13 -4 41 1851 40
15869.62 18 39 235 40
15871.73 18 39 1354 40
15872.87 20 40 0 40
15876.52 23 40 1605u0 40
15882.65 16 35 1599u2 40
15884.15 16 35 1599u3 40
15889.13 14 38 279 40
15901.68 -7 49 0 40
15902.55 -8 48 553 40
15903.28 -8 49 0 -1
15903.28 -8 49 502 40
15904.07 -8 48 550 40
15904.92 -9 48 0 -1
15904.92 -9 48 107 40
15905.80 -10 48 556 40
15908.02 -5 49 0 40
15910.45 -9 48 486 40
15911.18 -9 48 108 40
15911.65 -9 48 109 40
15912.02 -9 48 110 40
15913.70 -9 49 33 40
15914.47 -8 49 0 40
15915.52 -9 48 555 40
15916.98 -10 48 0 -1
15916.98 -10 48 502 40
15918.00 -9 48 551 40
15919.78 -9 47 0 -1
15919.78 -9 47 107 40
15920.25 -10 47 556 40
15922.02 -9 49 0 40
15924.08 -9 47 486 40
15925.70 -9 47 108 40
15925.95 -9 47 109 40
15927.32 -10 48 0 -1
15927.32 -10 48 33 40
15929.39 -9 47 554 40
15929.85 -10 47 0 -1
15929.85 -10 47 502 40
15930.88 -9 47 549 40
15932.05 -10 46 107 40
15933.12 -10 46 0 40
15933.83 -9 46 0 -1
15933.83 -9 46 107 40
15934.60 -10 46 556 40
15936.50 -10 48 0 40
15937.68 -9 46 486 40
15938.42 -9 46 108 40
15938.88 -9 46 109 40
15940.70 -10 47 0 -1
15940.70 -10 47 33 40
15943.23 -9 46 554 40
15944.35 -10 45 502u3 40
15945.35 -10 46 0 40
15946.38 -9 46 549 40
15947.39 -9 45 0 -1
15947.39 -9 45 107 40
15948.67 -9 45 0 -1
15948.67 -9 45 556 40
15949.80 -9 45 0 -1
15949.80 -9 45 107 40
15951.18 -10 46 556 40
15953.05 -10 47 0 40
15956.32 -9 45 486 40
15957.02 -9 45 108 40
15957.45 -9 45 109 40
15960.57 -8 44 33 40
15962.97 -10 45 0 40
15964.35 -9 45 554 40
15964.90 -8 45 502u3 40
15965.82 -10 46 0 40
15966.78 -9 45 549 40
15969.47 -9 44 0 -1
15969.47 -9 44 107 40
15969.93 -8 44 0 -1
15969.93 -8 44 556 40
15973.32 -9 44 486 40
15974.55 -9 44 108 40
15974.92 -9 44 109 40
15975.82 -8 43 33 40
15977.52 -8 41 0 40
15985.35 -8 41 556 40
15996.82 17 34 0 40
16002.78 22 40 235 40
16004.17 18 37 876 40
16006.17 18 37 878 40
16017.72 -8 40 99 40
16021.25 -7 43 96 40
16022.95 -8 45 0 40
16024.20 -9 44 554 40
16024.85 -8 44 0 -1
16024.85 -8 44 502u3 40
16025.80 -9 44 549 40
16027.80 -9 43 0 -1
16027.80 -9 43 107 40
16029.35 -8 43 0 -1
16029.35 -8 43 556 40
16030.03 -9 43 486 40
16030.33 -9 43 108 40
16031.03 -9 43 109 40
16032.13 -8 44 0 -1
16032.13 -8 44 33 40
16033.13 -9 43 554 40
16033.71 -8 43 0 -1
16033.71 -8 43 502u3 40
16034.51 -9 43 549 40
16035.43 -9 42 0 -1
16035.43 -9 42 107 40
16036.38 -7 42 556 40
16037.67 -8 44 0 40
16038.68 -9 42 486 40
16039.48 -9 42 108 40
16039.88 -9 42 109 40
16042.48 -7 43 0 -1
16042.48 -7 43 33 40
16044.35 -8 44 96 40
16049.51 -8 43 0 40
16050.58 -9 42 554 40
16051.20 -7 42 0 -1
16051.20 -7 42 502u3 40
16052.10 -9 42 549 40
16053.55 -9 41 0 -1
16053.55 -9 41 107 40
16054.75 -10 40 556 40
16059.98 -7 43 0 40
16063.00 -9 41 486 40
16064.35 -9 41 108 40
16065.16 -9 41 109 40
16068.81 -9 41 110 40
16072.70 -7 42 0 40
16073.93 -9 41 555 40
16075.60 -9 39 502u3 40
16076.21 -10 40 0 40
16080.36 -9 41 551 40
16082.80 -8 41 0 -1
16082.80 -8 41 107 40
16084.10 -9 39 0 -1
16084.10 -9 39 556 40
16085.11 -8 39 502u3 40
16093.95 13 34 0 40
16100.73 22 40 1603u0 40
16102.76 19 39 0 40
16104.13 19 39 235 40
16120.60 -8 41 486 40
16121.28 -8 41 108 40
16121.91 -8 41 109 40
16122.38 -8 41 110 40
16122.78 -8 41 622 40
16123.23 -8 41 107 40
16123.86 -8 41 486 40
16124.60 -8 41 108 40
16126.65 -7 40 33 40
16128.21 -8 39 0 40
16132.10 -8 41 553 40
16133.25 -7 40 0 -1
16133.25 -7 40 502u3 40
16136.88 -9 39 0 40
16141.25 -8 41 550 40
16142.96 -7 41 0 -1
16142.96 -7 41 107 40
16144.15 -7 40 0 -1
16144.15 -7 40 556 40
16148.68 -7 40 0 -1
16148.68 -7 40 502u3 40
16151.33 -7 42 556 40
16153.20 -7 41 486 40
16153.46 -7 41 108 40
16155.41 -7 40 0 40
16156.16 -7 41 553 40
16157.11 -7 40 502u3 40
16157.91 -7 42 0 40
16159.78 -7 41 550 40
16161.13 -6 41 0 -1
16161.13 -6 41 107 40
16161.76 -6 39 556 40
16164.88 -6 41 486 40
16167.26 -6 41 108 40
16170.95 -7 40 0 40
16172.61 -6 41 553 40
16173.39 -7 40 502u3 40
16174.25 -6 39 0 40
16175.78 -6 41 550 40
16177.48 -7 40 0 40
16180.61 11 36 558 -1
16185.61 14 42 502u3 40
16187.25 13 43 30u4 40
16189.39 14 42 0 40
16190.80 12 42 502u3 40
16204.45 13 34 198 40
16208.56 14 33 426 40
16209.89 13 33 564 40
16238.54 15 44 0 40
16239.96 15 44 461u3 40
16241.86 13 43 30u3 40
16260.76 78 44 87 40
17739.20 13 34 0 41
17742.60 13 33 0 41
17743.62 14 33 0 41
17745.62 13 37 238 41
17750.53 11 36 558 -1
17756.70 12 42 0 41
17765.55 -4 41 558 41
17783.61 -4 41 558 41
17785.90 -4 41 1851 41
17791.07 4 42 502u3 41
17800.23 -4 41 558 -1
17811.08 -3 44 1845 41
17814.93 -4 44 1845 41
17822.58 -4 44 1845 41
17828.80 -4 44 1845 41
17835.70 -3 44 1845 41
17842.11 -4 44 1845 41
17848.53 -4 41 1852 41
17850.86 -3 42 467u1 41
17851.78 -4 41 550 41
17852.53 -4 41 4143 41
17853.70 -3 42 0 41
17857.41 -4 41 558 41
17859.03 -4 41 1851 41
17865.20 -4 41 558 -1
17898.23 18 38 0 41
17901.91 22 40 1603u1 41
17903.36 18 37 876 41
17904.98 18 37 878 41
17912.01 2 41 406 41
17913.43 4 41 132 41
17914.45 4 42 0 41
17919.73 -4 41 558 41
17933.10 -4 42 0 -1
17933.10 -4 42 502u3 41
17935.16 -4 41 558 -1
17936.63 -4 39 1487 41
17939.81 -4 41 558 -1
17944.31 -5 42 1846 41
17944.91 -4 42 0 -1
17944.91 -4 42 467u1 41
17945.51 -5 42 556 41
17948.33 -4 42 0 -1
17948.33 -4 42 502u3 41
17949.50 -5 43 1846 41
17950.31 -4 42 0 -1
17950.31 -4 42 467u1 41
17952.30 -4 42 0 -1
17952.30 -4 42 502u3 41
17953.55 -5 43 1846 41
17954.13 -4 42 0 -1
17954.13 -4 42 467u1 41
17954.73 -5 43 556 41
17958.21 -4 42 0 -1
17958.21 -4 42 502u3 41
17961.75 -4 43 467u1 41
17962.93 -4 42 0 41
17964.38 -4 43 0 -1
17964.38 -4 43 502u3 41
17965.95 -5 44 1845 41
17966.60 -4 43 0 -1
17966.60 -4 43 467u1 41
17970.46 -4 43 0 -1
17970.46 -4 43 502u3 41
17971.78 -5 44 1845 41
17972.34 -4 43 0 -1
17972.34 -4 43 467u1 41
17974.26 -4 43 0 -1
17974.26 -4 43 502u3 41
17977.03 -3 44 1845 41
17977.71 -4 43 0 -1
17977.71 -4 43 467u1 41
17978.33 -4 41 558 -1
17982.39 -4 43 0 -1
17982.39 -4 43 502u3 41
17983.06 -3 43 467u1 41
17984.53 -4 43 0 41
17985.36 -3 43 0 -1
17985.36 -3 43 502u3 41
17987.04 -3 44 1845 41
17989.59 -3 44 1845 41
17991.76 -3 44 1845 41
17992.34 -3 43 0 -1
17992.34 -3 43 467u1 41
17994.29 -3 43 0 -1
17994.29 -3 43 502u3 41
17994.98 -3 44 1845 41
17995.48 -3 43 0 -1
17995.48 -3 43 467u1 41
17998.31 -3 43 0 -1
17998.31 -3 43 502u3 41
17999.13 -3 44 1845 41
17999.59 -3 43 0 -1
17999.59 -3 43 467u1 41
18000.59 -3 44 556 41
18002.23 -3 43 0 -1
18002.23 -3 43 502u3 41
18003.88 -4 43 467u1 41
18004.60 -3 43 0 41
18005.19 -4 43 0 -1
18005.19 -4 43 502u3 41
18006.30 -4 44 1845 41
18006.69 -4 43 0 -1
18006.69 -4 43 467u1 41
18007.19 -4 44 556 41
18010.20 -5 43 0 -1
18010.20 -5 43 502u3 41
18010.88 -4 43 0 -1
18010.88 -4 43 556 41
18014.08 -5 44 1845 41
18014.49 -5 43 0 -1
18014.49 -5 43 467u1 41
18015.53 -5 44 556 41
18021.81 -4 42 502u3 41
18022.88 -4 41 558 -1
18025.28 -4 41 558 41
18026.69 -4 41 1851 41
18051.36 15 41 472u2 41
18052.18 14 42 473 41
18053.86 15 40 1317u2 41
18054.46 13 40 0 -1
18054.46 13 40 345 41
18055.21 13 40 468 41
18062.51 -4 41 558 -1
18066.90 -4 41 558 -1
18068.18 -5 43 0 41
18078.24 -4 41 558 41
18080.23 -4 41 1851 41
18092.43 17 38 0 41
18094.08 17 38 235 41
18096.08 18 38 292 41
18097.58 17 38 1354 41
18099.04 19 39 1354 41
18100.98 22 40 1603u0 41
18102.59 19 38 235 41
18104.11 19 38 1354 41
18104.63 18 38 0 41
18107.59 23 40 1605u1 41
18125.76 13 40 469u3 41
18130.53 13 40 470 41
18131.26 13 40 0 -1
18131.26 13 40 463u3 41
18134.36 14 42 0 -1
18134.36 14 42 470 41
18134.94 14 42 724 41
18140.01 16 48 0 41
18143.44 14 42 659 41
18155.19 16 46 0 41
18155.69 17 46 1099u0 41
18162.02 24 48 1112u0 41
18167.44 16 46 1113 41
18168.99 19 46 48 41
18169.94 20 45 64 41
18172.54 20 45 67 41
18178.41 17 48 0 41
18181.76 20 45 92 41
18185.71 20 45 850 41
18186.14 20 45 0 41
18189.32 23 48 1136 41
18190.06 22 48 1136 41
18192.67 21 48 1136 41
18193.72 22 49 1136 41
18194.71 23 49 1136 41
18195.52 24 49 1136 41
18196.32 25 49 1136 41
18197.32 25 50 1136 41
18198.72 24 50 1136 41
18199.22 23 50 1136 41
18202.74 21 50 1136 41
18205.46 21 47 1136 41
18206.84 22 47 1136 41
18207.36 23 47 1136 41
18208.46 24 47 1136 41
18209.29 25 47 1136 41
18210.17 24 46 1136 41
18211.11 23 46 1136 41
18212.82 22 46 1136 41
18213.47 21 46 1136 41
18214.37 21 45 1136 41
18215.02 22 45 1136 41
18215.96 23 45 1136 41
18217.76 25 45 1136 41
18218.81 24 45 1136 41
18222.03 20 45 850u1 41
18229.54 17 39 0 41
18233.71 22 40 1603u1 41
18236.07 19 40 0 41
18236.56 18 40 247 41
18240.42 19 34 49 41
18242.09 17 35 61 41
18244.09 20 34 48 41
18246.06 17 34 62 41
18247.32 18 36 0 41
18248.31 17 36 75 41
18249.82 17 34 0 -1
18249.82 17 34 74 41
18251.31 17 36 67 41
18252.51 17 35 78 41
18253.82 18 36 62 41
18254.89 16 35 1599u2 41
18257.62 17 35 82 41
18258.77 15 36 0 41
18259.87 17 35 346 41
18276.61 17 34 0 41
18279.17 16 33 74 41
18280.04 16 35 1599u1 41
18282.14 18 38 72 41
18283.91 17 36 0 41
18284.91 17 35 346 41
18287.62 18 38 82 41
18289.44 17 36 248 41
18297.62 14 40 1316u0 41
18299.52 14 40 1316u1 41
18311.24 30 44 107 41
18319.51 52 48 0 41
18365.82 39 80 33 41
18367.90 39 80 0 41
18374.72 56 90 32 41
18398.42 15 45 34 41
18399.44 16 45 0 41
18400.34 16 46 1114 41
18401.10 16 45 135 41
18402.10 15 45 0 41
18407.44 15 42 34 41
18408.77 13 43 30u2 41
18411.22 15 42 0 41
18418.00 19 38 0 41
18418.90 18 38 85 41
18420.67 18 39 0 -1
18420.67 18 39 1355 41
18421.50 18 38 85 41
18422.50 19 39 0 -1
18422.50 19 39 1355 41
18423.22 18 38 85 41
18424.25 17 39 1355 41
18425.12 17 38 0 41
18425.65 18 38 85 41
18426.75 19 38 235 41
18437.99 11 42 0 41
18439.30 11 42 227 41
18457.84 2 51 406 41
18460.34 1 52 132 41
18462.07 3 52 406 41
18462.92 2 52 132 41
18464.85 0 51 0 41
18465.62 -1 52 132 41
18466.79 0 50 0 41
18483.02 -1 57 132 41
18486.95 1 53 0 41
18488.05 -1 53 132 41
18488.85 0 53 406 41
18490.09 -1 54 132 41
18491.17 -2 51 406 41
18492.90 -1 56 132 41
18495.30 2 53 99 41
18503.82 5 53 96 41
18504.50 6 53 48 41
18507.77 -1 55 64 41
18510.58 4 55 48 41
18515.55 0 57 64 41
18517.94 3 55 406 41
18521.05 1 57 132 41
18521.70 -1 57 0 41
18522.50 -2 57 132 41
18524.83 -1 56 0 41
18525.40 -2 56 132 41
18526.12 -1 55 0 41
18526.92 -2 55 64 41
18527.54 -1 54 0 41
18528.77 -2 54 132 41
18530.80 -1 53 0 41
18532.60 -2 53 132 41
18536.05 -3 50 406 41
18540.02 -2 52 132 41
18541.30 1 50 0 41
18559.18 -2 58 132 41
18560.27 0 57 0 41
18561.15 0 58 64 41
18562.10 1 57 0 41
18563.03 -1 58 132 41
18564.02 0 60 48 41
18564.85 1 58 64 41
18567.25 5 58 406 41
18568.40 3 58 132 41
18573.93 -1 63 45 41
18576.58 2 59 66 41
18578.63 2 59 0 41
18579.05 2 58 66 41
18582.63 6 53 48 41
18583.72 8 54 62 41
18584.73 7 55 406 41
18588.02 4 58 132 41
18590.22 5 55 406 41
18594.52 6 58 132 41
18595.90 10 58 0 41
18597.55 6 57 132 41
18601.03 4 53 0 41
18602.38 4 53 132 41
18606.52 4 51 0 41
18610.60 5 52 132 41
18611.85 4 53 0 41
18612.62 5 53 0 -1
18612.62 5 53 132 41
18614.02 4 54 0 -1
18614.02 4 54 96 41
18614.85 5 54 132 41
18618.77 6 53 48 41
18622.17 6 56 62 41
18632.12 18 37 876 41
18633.10 18 37 878 41
18635.12 19 39 0 41
18636.52 19 39 235 41
18637.28 18 37 876 41
18638.18 18 37 878 41
18650.40 8 50 0 41
18654.13 6 52 132 41
18655.57 5 53 0 41
18658.58 6 56 0 -1
18658.58 6 56 132 41
18696.63 17 44 62 41
18697.13 16 44 0 41
18698.60 11 36 558 -1
18703.70 5 35 0 -1
18703.70 5 35 292 41
18704.55 5 35 0 41
18705.51 4 34 0 -1
18705.51 4 34 292 41
18706.43 4 34 0 41
18707.10 3 34 0 -1
18707.10 3 34 292 41
18708.05 3 34 0 41
18719.55 20 46 292 41
18764.03 18 39 0 41
18767.70 22 40 1603u2 41
18774.08 14 42 0 41
18780.88 -4 41 558 -1
18783.50 -3 43 659 41
18784.65 -4 41 558 -1
18786.98 -4 41 1851 41
18832.83 7 51 4232u2 41
18834.48 8 51 4233 41
18837.35 8 51 0 41
18849.76 16 45 0 -1
18849.76 16 45 4233 41
18850.40 16 45 4237 41
18850.98 16 45 0 -1
18850.98 16 45 135 41
18857.85 19 38 4234u0 41
18858.60 19 38 0 41
18867.68 7 50 4234u0 41
18877.69 10 50 0 41
18879.76 10 50 2745u0 41
18885.43 7 51 4232u1 41
18891.38 -4 41 558 -1
18908.41 19 39 0 41
18909.21 18 37 876 41
18910.94 18 37 878 41
18963.64 16 46 0 -1
18963.64 16 46 235 41
18964.18 16 46 1120 41
18965.94 16 45 0 41
18967.03 16 46 1247 41
18967.36 16 46 0 -1
18967.36 16 46 135 41
18975.88 -4 41 558 41
18978.13 -4 41 558 41
18979.64 -4 41 1851 41
18982.57 -7 42 1488 41
18985.99 -3 43 0 -1
18985.99 -3 43 235 41
19043.61 -8 47 1492u7 41
19049.01 -4 41 558 -1
19051.56 -4 41 558 41
19052.46 -4 41 1851 41
19063.62 20 40 1478 41
19064.89 22 40 0 41
19065.86 22 40 1603u2 41
19066.66 22 40 1603u1 41
19067.33 20 40 1479 41
19071.81 22 40 1603u2 41
19091.17 8 29 99 41
19093.96 8 33 96 41
19130.29 -2 55 67 41
19132.54 0 58 67 41
19133.47 1 58 67 41
19161.89 14 53 34 41
19165.76 14 53 0 41
19172.39 13 43 30u1 41
19174.51 14 40 1316u0 41
19176.87 14 40 1316u1 41
19182.51 17 39 0 41
19185.70 20 40 1479u7 41
19189.11 18 39 235 41
19204.97 7 29 45 41
19210.12 9 33 66 41
19224.81 -4 41 558 -1
19230.82 -3 46 0 41
19233.32 -4 41 558 41
19235.52 -4 41 1851 41
19238.71 11 36 558 -1
19246.07 7 29 340 41
19248.76 8 29 3146 41
19251.41 8 32 334 41
19253.67 8 29 341 41
19256.79 8 31 344 41
19258.14 8 29 339 41
19259.76 8 31 1316u0 41
19261.09 8 29 338 41
19263.77 8 30 345 41
19264.84 7 29 341 41
19266.14 8 31 1316u1 41
19266.97 7 29 339 41
19267.81 8 31 1316u2 41
19268.74 7 29 338 41
19269.37 8 30 1317u0 41
19285.05 -5 38 99 41
19286.72 -4 40 96 41
19287.59 -4 41 558 41
19291.04 -3 43 0 41
19295.60 -4 42 0 41
19296.00 -4 41 558 -1
19304.55 7 29 496 41
19305.54 8 29 496 41
19307.80 9 32 502u3 41
19309.57 8 29 0 41
19310.72 7 30 496 41
19314.75 7 28 0 41
19315.37 7 29 0 -1
19315.37 7 29 107 41
19320.97 15 36 496 41
19322.82 18 39 0 41
19324.74 20 40 1479u6 41
19326.65 19 40 235 41
19331.30 20 40 0 41
19350.90 20 40 1479u6 41
19355.42 19 40 0 41
19355.96 20 40 1479u5 41
19357.37 19 40 235 41
19368.84 7 27 0 41
19371.92 7 29 486 41
19372.62 9 29 0 -1
19372.62 9 29 33 41
19374.25 7 29 0 41
19374.25 7 29 f1596 41
19375.92 7 30 0 -1
19375.92 7 30 107 41
19377.55 9 29 0 -1
19377.55 9 29 496 41
19378.65 7 30 486 41
19379.46 7 31 0 -1
19379.46 7 31 33 41
19380.87 7 30 0 41
19380.87 7 30 f1596 41
19381.90 7 31 0 -1
19381.90 7 31 107 41
19384.49 7 31 486 41
19385.27 7 32 0 -1
19385.27 7 32 33 41
19387.19 7 31 0 41
19387.19 7 31 f1596 41
19388.82 7 32 0 -1
19388.82 7 32 107 41
19389.74 7 32 486 41
19390.52 7 33 0 -1
19390.52 7 33 33 41
19391.54 7 32 0 41
19391.54 7 32 f1596 41
19392.62 7 33 0 -1
19392.62 7 33 107 41
19394.42 7 33 486 41
19395.65 7 34 0 -1
19395.65 7 34 33 41
19396.45 7 33 0 41
19396.45 7 33 f1596 41
19397.49 7 34 0 -1
19397.49 7 34 107 41
19398.02 7 34 486 41
19399.07 9 34 0 -1
19399.07 9 34 33 41
19400.88 7 34 0 41
19400.88 7 34 f1596 41
19401.50 8 34 107 41
19403.60 9 34 0 41
19405.04 8 34 486 41
19405.75 9 34 33 41
19407.87 10 34 0 41
19409.79 8 34 0 41
19409.79 8 34 f1596 41
19410.79 9 34 0 -1
19410.79 9 34 107 41
19411.42 9 34 486 41
19412.34 10 34 33 41
19414.57 11 34 0 41
19415.77 9 34 0 41
19415.77 9 34 f1596 41
19416.38 10 34 0 -1
19416.38 10 34 107 41
19416.95 10 34 486 41
19417.90 11 34 33 41
19453.24 22 40 1603u1 41
19453.79 22 40 1603u2 41
19454.77 19 40 0 41
19455.45 20 40 1479u4 41
19457.87 20 40 1479u3 41
19460.97 19 40 235 41
19466.57 11 36 558 -1
19466.97 10 36 4154 41
19484.50 93 35 0 -1
19484.50 93 35 1422 41
19487.58 93 35 0 41
19490.64 98 37 0 -1
19490.64 98 37 1422 41
19492.02 98 37 0 41
19504.97 122 40 0 -1
19504.97 122 40 1422 41
19505.98 122 40 0 41
19507.12 124 40 0 -1
19507.12 124 40 1422 41
19513.49 124 40 0 41
19518.85 137 49 0 -1
19518.85 137 49 1422 41
19520.57 138 49 674 41
19521.02 137 49 0 41
19539.05 11 36 558 -1
19541.25 10 36 779 41
19542.72 10 36 4154 41
19556.97 10 36 779 41
19560.62 10 34 0 41
19560.62 10 34 f1596 41
19561.55 11 34 0 -1
19561.55 11 34 107 41
19562.30 11 34 486 41
19563.32 12 34 0 -1
19563.32 12 34 33 41
19564.65 13 34 441u3 41
19566.65 11 36 558 -1
19569.40 11 34 0 41
19569.40 11 34 f1596 41
19570.37 12 34 0 -1
19570.37 12 34 107 41
19571.18 12 34 486 41
19572.27 13 34 0 -1
19572.27 13 34 33 41
19573.47 13 33 441u3 41
19583.55 12 34 0 41
19583.55 12 34 f1596 41
19584.52 13 34 0 -1
19584.52 13 34 107 41
19585.22 13 34 486 41
19587.53 14 34 0 -1
19587.53 14 34 33 41
19589.02 14 33 1217 41
19604.12 13 35 0 41
19617.57 13 35 326 41
19624.68 11 36 558 -1
19628.45 13 34 0 41
19628.45 13 34 f1596 41
19629.43 14 34 0 -1
19629.43 14 34 107 41
19630.92 13 34 33 41
19643.93 19 40 0 41
19644.42 20 40 1479u2 41
19646.48 19 40 235 41
19653.48 11 35 0 41
19695.66 -4 99 152 41
19698.93 -5 99 39 41
19700.78 -5 99 0 41
19702.78 -4 99 0 41
19722.41 -4 41 558 -1
19797.05 43 -119 152 41
19800.81 43 -119 0 41
19837.44 24 -74 152 41
19840.60 23 -74 1141 41
19843.63 23 -74 0 41
19849.48 24 -74 0 41
19884.68 10 35 152 41
19885.53 10 35 151 41
19890.04 19 34 49 41
19891.69 19 38 61 41
19892.94 19 40 0 41
19893.68 20 40 1479u1 41
19895.38 19 40 235 41
19898.74 11 36 558 -1
19905.39 20 45 0 41
19914.84 11 51 850u1 41
19918.76 12 54 1145 41
19936.83 11 51 0 41
19940.14 12 53 1136 41
19943.76 12 52 1136 41
19947.43 11 50 850u1 41
19960.84 19 40 0 41
19961.34 20 40 1479u0 41
19963.34 19 40 235 41
19986.41 14 40 1316u0 41
19988.09 14 40 1316u1 41
19995.31 19 40 0 41
20004.59 10 54 1101u0 41
20006.86 9 54 1138 41
20010.08 10 54 1138 41
20012.78 7 52 1138 41
20015.94 11 49 235 41
20017.08 11 50 0 41
20018.18 9 51 1136 41
20019.28 9 52 1136 41
20020.16 10 54 1136 41
20020.98 9 52 213 41
20024.43 14 51 851 41
20026.57 14 51 0 41
20034.49 14 51 851 41
20053.32 22 40 1603u1 41
20053.99 20 40 659 41
20058.06 19 40 235 41
20071.81 20 34 48 41
20072.54 20 33 64 41
20079.74 11 36 558 -1
20080.27 10 36 4154 41
20082.07 11 36 558 -1
20085.17 11 36 558 41
20086.67 11 36 1851 41
20093.56 -4 41 558 -1
20095.51 -3 44 0 -1
20095.51 -3 44 1422 41
20096.56 -3 44 0 41
20096.94 -4 44 0 -1
20096.94 -4 44 1422 41
20097.81 -4 44 0 41
20098.44 -4 44 1422 41
20099.22 -4 44 0 41
20099.92 -5 44 0 -1
20099.92 -5 44 1422 41
20101.97 -5 44 0 41
20102.72 -4 43 0 -1
20102.72 -4 43 1422 41
20104.11 -4 43 0 41
20105.51 -4 41 558 -1
20107.96 -4 41 1851 41
20114.29 -2 59 1422 41
20115.77 -1 58 0 -1
20115.77 -1 58 556 41
20117.81 -2 58 0 -1
20117.81 -2 58 556 41
20118.96 -2 57 0 -1
20118.96 -2 57 556 41
20121.99 0 58 0 -1
20121.99 0 58 556 41
20122.66 1 58 557 41
20123.49 -2 59 0 41
20131.59 11 41 779 41
20133.09 13 43 30u0 41
20135.46 13 43 279 41
20152.97 12 32 198 41
20155.32 13 31 864 41
20156.94 14 31 564 41
20207.54 6 -79 30u4 41
20210.84 1 -78 0 41
20212.59 -3 -79 32 41
20235.36 7 -135 0 -1
20235.36 7 -135 34 41
20237.52 7 -135 0 -1
20237.52 7 -135 2144 41
20251.00 1 -160 34 41
20255.76 1 -160 0 41
20279.00 -11 -218 34 41
20279.41 -12 -219 761 41
20285.95 -11 -218 0 41
20300.40 -25 -225 34 41
20311.44 -25 -225 0 41
20346.15 -80 -281 39 41
20346.69 -79 -282 34 41
20347.55 -80 -281 0 41
20350.64 -79 -282 0 41
20394.63 -28 -271 39 41
20395.50 -27 -271 34 41
20395.95 -28 -271 0 41
20397.40 -27 -271 0 41
20428.59 -26 -185 34 41
20429.50 -25 -185 30u4 41
20432.88 -26 -185 0 41
20454.57 -5 -140 34 41
20456.95 -3 -140 2142u4 41
20460.38 -5 -140 0 -1
20460.38 -5 -140 2144 41
20486.83 -16 -72 87 41
20486.83 -17 -72 34 41
