startTime: 1615508788.70
0.00 11 49 f898 -1
5.60 14 50 f898 -1
5.60 14 51 f898 -1
5.60 14 52 f898 -1
19.52 20 39 0 37
35.67 9 35 0 37
36.60 9 35 292 37
39.08 11 36 558 -1
55.08 4 37 402 37
58.80 12 33 547 37
59.57 12 33 0 37
64.73 20 39 547 37
66.98 20 39 548 37
95.60 15 58 224 37
98.60 15 58 244 37
107.57 12 42 225 37
109.13 10 42 0 37
109.98 12 42 226 37
110.71 10 42 66 37
111.50 12 42 297 37
112.42 9 42 227 37
117.78 4 37 0 37
125.07 14 34 0 37
130.21 12 42 0 37
133.00 13 42 0 -1
133.00 13 42 245 37
133.45 13 42 251 37
134.15 13 42 0 -1
134.15 13 42 33 37
140.75 19 40 251 37
143.63 16 35 0 37
146.03 18 39 1099u3 37
147.61 19 40 252 37
148.70 22 40 235 37
149.70 20 40 1602u1 37
151.58 19 40 0 -1
151.58 19 40 236 37
152.68 19 40 264 37
154.65 20 38 252u2 37
155.68 20 39 0 37
157.45 19 40 268 37
158.21 20 39 235 37
161.61 19 34 49 37
162.48 17 35 61 37
165.58 20 34 48 37
166.00 20 33 64 37
166.58 20 34 48 37
169.06 18 34 0 -1
169.06 18 34 62 37
171.83 17 36 75 37
173.16 18 34 0 -1
173.16 18 34 74 37
174.41 17 36 67 37
175.73 17 35 78 37
177.11 16 35 62 37
178.21 15 36 1599u0 37
180.73 17 35 82 37
181.75 16 36 0 37
182.21 17 35 346 37
185.51 14 42 0 37
186.53 14 42 502u0 37
188.38 13 43 30u4 37
193.55 15 36 72 37
196.40 18 40 247 37
197.23 18 38 0 37
199.45 17 35 346 37
202.23 18 40 249 37
203.46 18 38 248 37
209.20 13 43 30u3 37
216.38 20 40 1602u0 37
217.70 20 38 0 -1
217.70 20 38 236 37
219.55 20 38 264 37
221.81 19 40 0 -1
221.81 19 40 252u1 37
223.33 18 40 250 37
227.83 20 40 236 37
228.50 19 40 0 -1
228.50 19 40 236 37
228.80 19 40 264 37
229.73 19 40 0 -1
229.73 19 40 252u0 37
231.21 20 40 0 -1
231.21 20 40 264 37
231.90 19 40 0 -1
231.90 19 40 236 37
233.15 19 40 264 37
242.23 12 42 235 37
244.43 13 43 30u2 37
247.16 12 42 253u0 37
250.00 13 43 30u1 37
251.18 12 42 253u1 37
252.50 13 43 30u0 37
253.38 12 42 253u2 37
254.60 13 43 279 37
255.71 12 42 253u3 37
259.80 16 34 0 37
262.68 18 39 1099u2 37
265.65 14 38 3946 37
269.21 18 39 1099u1 37
274.45 15 39 3946 37
279.03 18 39 1099u0 37
282.76 13 39 3946 37
286.64 18 39 1100 37
287.85 18 37 876 37
289.58 18 37 878 37
294.91 13 43 3946 37
299.93 16 35 235 37
322.31 8 35 0 37
358.74 24 -61 152 37
360.04 23 -61 30u0 37
361.89 23 -61 279 37
364.41 24 -61 0 37
380.29 50 -63 420 37
387.21 53 -63 151 37
387.86 54 -63 422 37
388.73 53 -63 0 37
406.36 65 -69 152 37
407.56 63 -70 2142u5 37
410.14 66 -69 2144 37
412.68 65 -69 0 37
447.31 44 -110 152 37
453.19 44 -110 0 37
504.32 18 -29 2176 37
505.56 20 -29 151 37
506.79 18 -29 2177 37
507.76 20 -29 0 37
528.46 11 36 558 -1
530.56 13 34 152 37
531.84 13 34 151 37
540.67 18 37 876 37
541.57 18 37 878 37
551.81 23 40 1605u0 -1
566.71 14 34 292 37
580.09 15 43 0 37
586.96 16 43 3891 37
592.87 12 42 253u4 37
605.69 15 36 0 37
607.11 17 35 82 37
612.29 8 44 0 37
618.11 17 35 346 37
636.84 8 46 0 37
643.84 15 36 496 37
652.17 18 38 69 37
656.12 18 38 0 37
660.90 14 40 0 -1
660.90 14 40 69 37
662.67 14 40 70 37
662.92 14 40 0 37
669.92 15 45 0 -1
669.92 15 45 70 37
670.94 15 45 71 37
672.24 15 45 0 37
672.87 16 45 72 37
674.49 17 47 72 37
676.44 15 45 71u3 37
676.92 16 45 0 37
682.60 16 36 72 37
739.82 19 -28 236 37
741.40 18 -29 2182 37
743.45 19 -28 0 37
745.80 18 -29 0 37
747.20 17 -26 2182 37
749.64 17 -26 0 -1
749.64 17 -26 236 37
750.82 17 -26 2183 37
751.09 17 -26 0 37
772.59 18 36 2183 37
774.77 16 36 0 37
776.60 18 40 247 37
779.59 17 36 0 37
782.32 17 35 346 37
784.32 18 40 249 37
787.27 17 36 248 37
790.54 13 41 0 37
791.84 13 40 463 37
793.40 12 42 253u3 37
797.72 18 37 876 37
798.85 18 37 878 37
799.40 18 36 0 37
801.30 18 40 2184 37
806.80 19 39 0 37
814.82 19 39 2189 37
816.02 17 39 0 37
816.77 19 39 2201 37
818.35 19 38 0 37
819.62 19 39 2200 37
832.73 18 40 237 37
833.50 17 39 2186 37
835.53 17 39 2187 37
851.60 13 37 299 37
853.70 14 39 127 37
856.58 12 42 253u2 37
863.08 19 39 0 37
870.13 19 39 2200 37
884.37 5 44 409 37
889.12 5 44 409u2 37
893.55 12 42 253u1 37
900.52 15 34 126 37
902.03 16 34 126 37
905.72 15 34 233 37
906.85 16 34 233 37
908.42 15 34 0 37
909.37 16 34 1216 37
920.05 8 43 0 37
925.90 15 36 0 -1
925.90 15 36 344 37
926.68 16 36 496 37
929.13 15 42 0 37
930.38 15 43 461u3 37
934.47 15 45 0 37
939.20 16 36 72 37
939.57 16 36 0 -1
939.57 16 36 71u3 37
940.47 17 35 82 37
941.43 15 36 0 37
942.53 17 35 346 37
944.88 15 33 0 37
947.17 13 37 238 37
948.33 15 38 300 37
950.97 15 36 292 37
955.60 12 42 253u0 37
960.77 17 47 0 37
964.75 13 37 281 37
966.58 17 36 0 37
967.82 17 35 346 37
969.28 13 37 282 37
970.83 17 36 248 37
973.27 16 34 0 37
975.12 13 37 282 37
976.87 15 34 1217 37
977.90 14 33 0 37
980.17 13 37 282 37
982.22 14 33 236 37
982.82 15 33 239 37
986.25 14 39 0 37
986.93 13 37 293 37
989.78 15 34 0 37
994.03 19 39 0 -1
994.03 19 39 1217 37
994.85 19 39 2194 37
997.13 18 38 236 37
1000.05 18 38 0 37
1001.28 17 39 2187u4 37
1002.56 18 38 2190 37
1003.61 18 38 0 37
1006.98 18 38 236 37
1007.98 19 39 0 37
1013.73 19 39 2194 37
1015.68 19 39 0 37
1021.75 19 39 2194 37
1022.55 18 39 0 37
1024.33 20 39 0 -1
1024.33 20 39 659 37
1026.38 20 39 0 37
1046.23 -1 81 659 37
1048.21 0 80 662u2 37
1051.88 -1 81 1099u0 37
1052.48 0 80 662u2 37
1053.06 -1 81 1099u1 37
1053.51 0 80 662u2 37
1054.18 -1 81 1099u2 37
1054.60 0 80 662u2 37
1055.31 -1 81 1099u3 37
1055.81 0 80 662u2 37
1056.38 -1 81 1099u4 37
1056.86 0 80 662u2 37
1057.46 -1 81 1099u5 37
1057.93 0 80 662u2 37
1058.50 -1 81 1099u6 37
1059.10 0 80 662u2 37
1059.76 -1 81 1099u7 37
1060.30 0 80 662u2 37
1061.00 -1 81 1099 37
1061.68 0 80 662u2 37
1062.50 -1 81 660 37
1066.36 -1 81 0 37
1085.20 18 39 660 37
1088.00 18 39 1099 37
1088.95 19 39 2195 37
1090.30 20 39 235 37
1095.68 19 39 0 37
1103.98 19 39 2195 37
1116.00 15 43 0 37
1117.96 15 44 461u3 37
1120.86 17 49 0 37
1126.18 15 34 2200 37
1127.76 14 38 30u4 37
1131.36 12 42 253u1 37
1148.73 5 44 409u1 37
1154.40 5 44 409u0 37
1157.53 5 44 408 37
1161.53 11 36 558 -1
1172.31 12 33 126 37
1175.36 12 33 233 37
1176.66 15 35 233 37
1177.96 15 35 0 37
1179.79 12 33 1216 37
1183.01 15 35 126 37
1186.18 16 34 126 37
1188.23 15 35 233 37
1189.19 16 34 233 37
1191.96 15 35 0 37
1192.86 16 34 1216 37
1193.53 16 34 0 37
1195.23 15 35 1216 37
1197.28 13 35 0 37
1198.08 13 35 319 37
1199.16 13 37 299 37
1200.73 13 38 127 37
1202.23 13 37 305 37
1212.98 19 39 0 37
1217.91 16 34 2195 37
1234.49 23 37 0 37
1236.06 23 38 160 37
1243.24 16 34 0 37
1244.21 17 35 2196 37
1258.21 18 38 0 37
1260.78 17 39 2187u3 37
1265.56 18 38 236 37
1299.48 11 52 0 37
1303.71 11 36 558 -1
1308.79 6 36 396 37
1315.71 10 50 2745u0 37
1342.33 20 39 0 37
1342.89 18 39 1099u7 37
1349.03 6 36 399 37
1355.41 20 39 235 37
1361.19 18 37 876 37
1362.22 18 37 878 37
1364.79 18 38 0 37
1366.06 17 39 2187u2 37
1372.84 8 35 2190 37
1374.02 10 36 4154 37
1375.67 8 35 0 -1
1375.67 8 35 1422 37
1386.22 16 34 2190 37
1387.24 16 35 0 37
1388.01 17 35 2197u6 37
1391.98 16 35 235 37
1400.36 5 31 99 37
1403.26 7 27 96 37
1405.87 2 29 0 37
1414.54 10 36 779 37
1417.77 8 35 502u3 37
1418.76 10 36 4154 37
1452.01 22 69 0 -1
1452.01 22 69 1422 37
1452.61 23 68 64 37
1453.61 21 69 48 37
1454.44 21 68 64 37
1455.09 22 69 0 37
1458.22 18 69 1422 37
1459.02 20 69 64 37
1461.17 20 70 64 37
1462.04 18 69 0 37
1509.06 11 36 558 -1
1513.39 11 36 558 -1
1525.67 8 36 779 37
1534.62 11 35 0 37
1537.80 6 37 292 37
1563.94 16 34 0 37
1567.22 16 34 236 37
1593.87 6 36 400u3 37
1595.85 6 36 400u2 37
1597.17 6 36 400u1 37
1598.22 6 36 400u0 37
1600.64 4 37 402 37
1601.67 6 36 848 37
1603.97 4 38 402 37
1607.80 11 36 558 -1
1610.44 11 36 558 -1
1658.20 15 47 0 37
1669.22 8 43 334 37
1676.90 16 35 0 37
1677.34 17 35 2197u5 37
1680.55 16 35 235 37
1687.69 8 43 0 37
1689.77 4 42 340 37
1692.27 7 43 334 37
1693.59 4 42 341 37
1697.20 6 42 344 37
1698.27 4 42 339 37
1699.95 5 42 344 37
1700.59 4 42 338 37
1714.58 15 40 1317u1 37
1718.40 16 35 0 37
1719.48 17 35 2197u4 37
1723.14 16 35 235 37
1735.97 6 35 0 37
1737.55 7 35 0 -1
1737.55 7 35 64 37
1739.17 6 35 227 37
1740.15 8 35 0 37
1741.40 6 36 1938 37
1742.55 5 36 1938 37
1743.65 4 36 1938 37
1746.40 8 34 502u2 37
1747.30 7 35 0 37
1748.52 6 36 64 37
1750.43 6 34 0 37
1751.77 5 36 64 37
1753.02 5 37 0 37
1753.63 5 35 789 37
1756.15 4 37 0 37
1761.05 16 33 547 37
1761.87 16 33 0 37
1763.40 18 37 876 37
1764.45 18 37 878 37
1766.82 19 39 547 37
1773.75 19 39 548 37
1775.78 19 39 0 37
1776.73 19 40 268 37
1778.93 18 37 876 37
1779.97 18 37 878 37
1781.63 17 35 2197u3 37
1788.90 4 38 0 -1
1788.90 4 38 235 37
1789.78 4 38 547 37
1790.07 4 38 0 37
1797.48 19 39 547 37
1802.98 19 39 548 37
1805.05 19 39 0 37
1808.00 20 40 268 37
1808.75 19 39 235 37
1814.63 12 33 0 37
1815.83 15 34 0 -1
1815.83 15 34 1216 37
1818.47 19 38 2200 37
1826.75 6 33 0 37
1828.70 5 37 64 37
1830.63 2 34 48 37
1832.88 5 38 64 37
1846.45 11 36 558 -1
1856.23 5 38 0 37
1857.40 5 38 64 37
1881.32 6 49 406 37
1883.55 8 50 132 37
1889.28 -6 42 49 37
1911.17 16 35 0 -1
1911.17 16 35 61 37
1912.33 17 35 2197u2 37
1914.43 16 35 0 -1
1914.43 16 35 235 37
1916.41 16 33 61 37
1952.45 8 34 0 37
1957.06 4 42 496 37
1959.88 6 40 502u2 37
1960.96 4 42 0 37
1967.23 16 36 0 -1
1967.23 16 36 496 37
1967.86 16 36 72 37
1968.21 16 36 0 -1
1968.21 16 36 71u3 37
1979.23 16 36 0 -1
1979.23 16 36 72 37
1980.98 16 36 0 -1
1980.98 16 36 71u3 37
1985.08 16 36 0 37
1988.33 15 36 0 37
1991.38 20 32 292 37
1995.16 20 33 72 37
1999.76 20 33 0 37
2000.93 20 32 0 37
2004.48 12 31 292 37
2005.30 11 31 45 37
2005.86 13 31 66 37
2007.40 13 31 72 37
2009.08 13 31 0 37
2009.80 12 31 0 37
2013.78 15 36 292 37
2014.46 16 35 0 37
2015.33 17 35 2197u1 37
2017.11 16 35 235 37
2018.33 15 36 0 37
2019.03 15 36 292 37
2021.18 16 36 72 37
2022.71 16 36 1599u0 37
2023.80 16 36 1599u1 37
2032.51 8 36 4154 37
2049.93 61 50 1422 37
2052.45 61 50 0 37
2060.30 11 36 558 -1
2065.58 11 36 558 -1
2065.86 10 36 779 37
2072.68 16 34 0 -1
2072.68 16 34 71u3 37
2073.91 14 33 1602u0 37
2075.40 16 35 0 37
2076.43 17 35 2197u0 37
2087.13 16 35 2198 37
2092.40 16 35 0 37
2095.06 16 35 235 37
2099.19 10 36 4154 37
2118.63 59 51 1422 37
2120.26 60 50 508 37
2121.26 60 50 546 37
2122.34 60 50 506 37
2122.84 60 50 882 37
2125.18 60 50 883 37
2126.68 60 50 881 37
2127.81 59 51 0 37
2128.29 60 50 0 -1
2128.29 60 50 1422 37
2129.24 60 50 0 37
2131.71 66 52 1422 37
2136.58 64 52 508 37
2138.66 64 52 546 37
2140.51 66 52 0 37
2141.51 63 53 1422 37
2142.29 64 52 506 37
2142.81 64 52 882 37
2144.31 64 52 883u3 37
2145.76 64 52 881 37
2147.20 63 53 0 37
2147.89 64 52 0 -1
2147.89 64 52 1422 37
2148.94 64 52 0 37
2151.61 70 52 1422 37
2154.06 71 51 508u3 37
2155.33 71 51 546u3 37
2157.66 71 51 506 37
2157.99 71 51 882u3 37
2159.99 71 51 883u2 37
2162.08 71 51 881 37
2171.56 75 53 0 37
2174.26 71 51 0 -1
2174.26 71 51 1422 37
2175.58 71 51 0 37
2176.93 76 51 647 37
2189.48 11 36 558 -1
2192.79 16 35 0 -1
2192.79 16 35 1422 37
2193.63 17 35 1250 37
2196.76 16 33 235 37
2197.53 16 35 0 37
2203.03 8 43 1422 37
2206.29 7 42 0 37
2206.29 7 42 f884 37
2207.48 6 42 0 -1
2207.48 6 42 107 37
2209.18 8 43 0 37
2211.26 13 42 0 -1
2211.26 13 42 1422 37
2212.39 13 42 0 37
2215.01 8 43 1422 37
2219.03 6 42 486 37
2219.39 7 42 33 37
2226.31 6 42 0 37
2226.31 6 42 f884 37
2227.63 5 42 0 -1
2227.63 5 42 107 37
2235.68 8 58 0 37
2241.18 7 42 0 -1
2241.18 7 42 1422 37
2242.62 5 42 486 37
2243.26 6 42 33 37
2244.01 7 42 0 37
2246.84 4 42 1422 37
2249.51 5 42 0 37
2249.51 5 42 f884 37
2251.26 4 42 0 37
2270.73 5 42 1422 37
2273.56 4 43 455u2 37
2276.31 4 43 0 37
2277.99 5 42 0 37
2284.64 9 36 779 37
2294.89 12 42 253u0 37
2314.54 2 42 1340 37
2320.74 14 38 30u3 37
2325.04 15 36 0 37
2330.81 4 42 292 37
2332.07 2 42 1340u3 37
2333.29 2 42 1340u2 37
2334.62 2 42 1340u1 37
2335.77 4 42 0 37
2345.72 14 34 0 -1
2345.72 14 34 292 37
2352.51 3 42 292 37
2353.54 2 42 1340u0 37
2354.72 2 42 1343 37
2356.64 3 42 0 37
2367.76 15 36 292 37
2383.26 12 42 235 37
2407.29 18 37 876 37
2409.47 18 37 878 37
2412.59 17 35 86 37
2415.06 18 38 1217 37
2416.19 19 38 0 37
2417.02 18 38 2194 37
2417.57 19 38 236 37
2419.07 19 39 0 37
2419.61 18 39 1099u6 37
2420.11 18 38 2195 37
2420.81 19 39 235 37
2422.81 18 38 0 37
2425.49 16 35 2195 37
2429.22 14 38 30u2 37
2441.66 9 36 4154 37
2453.94 14 40 1422 37
2456.77 14 39 344 37
2460.12 14 39 1316u0 37
2461.91 14 40 0 37
2464.74 14 40 1422 37
2466.02 14 38 30u1 37
2467.77 14 40 0 37
2480.31 -2 46 1422 37
2481.36 -4 46 406 37
2482.19 -2 46 0 37
2483.66 -2 48 1422 37
2484.57 -1 48 406 37
2485.41 -2 48 0 37
2486.21 -4 49 1422 37
2487.04 -5 48 406 37
2488.16 -4 49 0 37
2491.14 -3 45 1422 37
2492.92 -2 46 132 37
2494.51 -2 47 132 37
2495.42 -3 45 0 37
2501.62 14 40 1422 37
2503.07 14 38 30u0 37
2504.81 14 40 0 37
2519.07 -3 47 0 -1
2519.07 -3 47 1422 37
2520.27 -2 48 132 37
2521.76 0 49 0 37
2524.94 -4 48 132 37
2525.71 -3 47 0 37
2528.16 -8 49 1422 37
2530.01 -6 48 132 37
2531.44 -8 49 0 37
2537.41 -4 43 1422 37
2539.57 -3 42 406 37
2541.26 -5 42 406 37
2542.22 -4 43 0 37
2547.26 -8 43 1422 37
2548.74 -9 42 132 37
2549.27 -8 43 0 37
2558.41 11 36 558 -1
2562.41 14 40 1422 37
2563.27 14 38 279 37
2564.89 14 40 0 37
2573.39 -6 41 1422 37
2575.25 -8 42 132 37
2576.24 -6 41 0 37
2580.35 11 36 558 -1
2584.25 8 36 779 37
2585.62 8 36 4154 37
2587.29 9 36 779 37
2599.12 -4 41 107 37
2606.39 13 43 30u4 37
2617.90 6 42 0 37
2624.17 -4 41 486 37
2624.75 -4 41 108 37
2629.14 6 42 33 37
2635.62 13 43 30u3 37
2646.39 6 40 0 37
2651.25 -4 41 553 37
2655.30 5 42 502u2 37
2658.12 5 40 0 37
2665.87 16 44 64 37
2667.40 19 46 48 37
2669.34 16 45 64 37
2679.99 19 38 0 37
2681.24 19 38 236 37
2695.54 15 39 30u4 37
2703.00 16 44 67 37
2703.80 16 45 67 37
2714.94 22 38 198 37
2716.87 11 36 558 -1
2721.32 16 44 0 37
2722.25 16 45 557 37
2724.30 16 45 0 37
2730.34 7 42 557 37
2740.37 19 33 87 37
