startTime: 1615755362.61
0.00 3 2 48 38
2.35 5 3 64 38
9.15 5 42 f898 -1
9.15 6 42 f898 -1
9.15 7 42 f898 -1
12.60 7 29 45 38
17.07 16 34 0 -1
17.07 16 34 66 38
17.45 16 34 72 38
17.93 16 34 0 -1
17.93 16 34 71u3 38
19.09 16 36 1599u2 38
19.98 16 34 0 38
21.87 17 34 72 38
22.27 16 34 71u3 38
23.50 17 34 0 38
24.67 16 36 1599u3 38
26.15 19 34 49 38
27.07 17 35 61 38
28.97 20 34 48 38
30.22 17 34 64 38
33.13 20 34 48 38
34.65 18 34 0 -1
34.65 18 34 62 38
36.70 17 36 75 38
38.13 18 34 0 -1
38.13 18 34 74 38
42.30 17 36 67 38
43.72 17 35 78 38
45.92 17 33 62 38
47.03 16 34 0 38
47.68 17 34 72 38
47.97 17 34 0 -1
47.97 17 34 71u3 38
49.37 17 35 82 38
53.40 14 39 344 38
60.48 17 35 346 38
64.80 16 36 1599u2 38
67.18 18 40 247 38
69.62 17 36 0 38
72.38 17 35 346 38
74.43 18 40 249 38
75.27 18 38 248 38
78.03 22 38 0 38
91.67 19 40 0 38
92.58 18 40 250 38
95.16 20 40 0 38
96.08 18 40 250 38
97.01 19 40 273 38
112.57 19 46 48 38
114.21 17 47 64 38
130.08 14 34 0 38
132.37 16 34 292 38
133.76 16 33 1354 38
134.20 16 33 0 38
137.71 18 36 1354 38
140.80 20 39 0 38
141.36 19 39 1603u0 38
141.65 19 39 0 38
143.85 22 40 0 -1
143.85 22 40 1603u0 38
144.20 22 40 1603u1 38
144.56 22 40 0 38
146.58 18 37 876 38
149.21 18 37 878 38
152.68 16 33 1603u1 38
153.40 16 33 1603u0 38
153.95 17 33 0 -1
153.95 17 33 235 38
155.70 18 33 62 38
157.27 16 33 235 38
159.87 18 33 0 -1
159.87 18 33 235 38
160.76 20 33 62 38
166.95 16 33 1354 38
168.51 16 34 0 38
172.33 16 34 292 38
174.25 17 33 1354 38
183.53 15 39 30u3 38
197.13 19 38 0 38
198.36 17 39 2187u1 38
201.58 19 38 2190 38
214.31 2 41 406 38
216.23 3 43 132 38
243.08 19 38 0 38
248.43 19 38 236 38
251.46 18 31 49 38
254.10 17 32 61 38
255.20 16 34 0 38
256.51 19 33 0 38
259.26 26 32 357 38
263.08 16 34 292 38
269.41 7 43 0 38
275.48 -1 42 340 38
280.25 6 43 334 38
284.01 -1 42 341 38
286.64 4 42 344 38
288.61 -1 42 339 38
289.85 3 42 344 38
292.00 -1 42 338 38
293.04 1 42 345 38
304.80 12 42 0 38
309.44 14 34 235 38
311.64 14 34 1354 38
339.26 31 50 0 38
352.81 38 57 32 38
367.69 19 38 0 38
368.71 17 39 2187u0 38
369.99 19 39 236 38
371.73 18 36 0 38
373.60 17 35 85 38
374.69 17 33 0 -1
374.69 17 33 1355 38
376.06 17 35 85 38
377.14 16 33 0 -1
377.14 16 33 1355 38
378.24 17 35 85 38
379.38 14 34 0 -1
379.38 14 34 1355 38
380.49 17 35 85 38
384.35 16 35 0 -1
384.35 16 35 1355 38
385.43 17 35 2196 38
392.89 7 42 0 38
394.86 7 42 557 38
401.81 12 34 0 38
411.05 7 42 556 38
411.56 7 42 0 -1
411.56 7 42 462u2 38
419.63 -4 41 550 38
424.21 -3 41 107 38
437.04 30 53 0 38
451.44 -3 41 0 -1
451.44 -3 41 33 38
454.33 4 42 0 -1
454.33 4 42 107 38
465.36 0 43 344 38
469.44 -5 38 99 38
471.11 -4 40 96 38
472.39 -4 40 0 38
472.99 -4 39 96 38
478.08 -3 41 0 38
484.03 5 41 33 38
492.24 14 31 0 38
494.59 16 33 0 -1
494.59 16 33 235 38
504.81 16 33 1603u0 38
512.46 9 36 4154 38
512.71 11 36 558 -1
561.19 26 45 779 38
564.81 11 36 558 -1
592.77 16 32 0 38
593.79 16 32 160 38
594.97 16 33 235 38
596.14 17 35 2197u6 38
598.84 16 33 1603u0 38
603.16 11 31 45 38
606.26 17 34 0 -1
606.26 17 34 66 38
606.91 17 34 72 38
607.37 17 34 0 -1
607.37 17 34 71u2 38
608.56 16 36 1599u3 38
617.04 10 42 0 38
621.36 17 34 0 -1
621.36 17 34 66 38
621.95 17 34 72 38
622.27 17 34 0 -1
622.27 17 34 71u2 38
623.36 16 36 1599 38
637.90 26 45 4154 38
655.39 109 48 1422 38
659.51 108 48 508u2 38
660.94 108 48 546u2 38
662.21 108 48 506 38
663.62 109 48 0 38
665.34 106 48 1422 38
667.04 108 48 882u2 38
668.39 108 48 883u2 38
671.94 108 48 881 38
673.96 106 48 0 38
674.50 108 48 0 -1
674.50 108 48 1422 38
675.44 108 48 0 38
679.89 113 49 1422 38
682.67 114 48 508u2 38
683.56 114 48 546u2 38
684.34 114 48 506 38
684.67 114 48 882u2 38
685.37 114 48 883u2 38
686.19 114 48 881 38
687.25 113 49 0 38
688.09 114 48 0 -1
688.09 114 48 1422 38
689.05 114 48 0 38
690.34 112 50 1422 38
691.70 113 50 508u2 38
692.45 113 50 546u2 38
696.40 113 50 506 38
696.69 113 50 882u2 38
697.44 113 50 883u2 38
698.20 113 50 881 38
699.00 112 50 0 38
699.51 113 50 0 -1
699.51 113 50 1422 38
700.44 113 50 0 38
705.32 123 49 1422 38
708.39 123 48 508u2 38
709.14 123 48 546u2 38
710.17 123 48 506 38
710.60 123 48 882u2 38
711.34 123 48 883u2 38
712.45 123 48 881 38
713.36 123 49 0 38
715.64 123 48 0 -1
715.64 123 48 1422 38
716.64 123 48 0 38
744.35 17 33 0 -1
744.35 17 33 1422 38
747.12 17 35 2197u5 38
749.77 16 33 1603u1 38
751.77 17 33 0 38
757.11 5 41 0 -1
757.11 5 41 1422 38
758.32 4 42 486 38
759.52 4 41 33 38
762.32 4 42 0 38
762.32 4 42 f884 38
763.45 3 42 0 -1
763.45 3 42 107 38
765.64 5 41 0 38
768.52 4 43 1422 38
769.57 4 41 0 38
770.37 3 42 486 38
770.90 4 42 33 38
773.52 3 42 0 38
773.52 3 42 f884 38
775.85 2 42 107 38
777.04 4 42 0 38
778.74 2 42 486 38
779.35 4 42 33 38
783.14 7 44 0 38
786.00 3 42 1422 38
790.22 2 42 0 38
790.22 2 42 f884 38
791.50 1 42 0 -1
791.50 1 42 107 38
793.29 3 42 0 38
797.82 4 42 0 -1
797.82 4 42 1422 38
799.39 1 42 486 38
800.00 3 42 33 38
800.87 4 42 0 38
809.00 2 44 1422 38
812.47 1 42 0 38
812.47 1 42 f884 38
814.84 0 42 107 38
816.27 2 44 0 38
819.38 3 42 0 -1
819.38 3 42 1422 38
821.04 0 42 486 38
823.64 0 43 0 -1
823.64 0 43 33 38
825.47 3 42 0 38
836.05 10 36 779 38
837.85 11 36 558 -1
840.84 15 36 0 -1
840.84 15 36 344 38
844.98 12 33 292 38
846.02 12 33 0 38
846.97 13 33 0 -1
846.97 13 33 292 38
847.87 12 33 135 38
850.35 18 33 0 -1
850.35 18 33 1342 38
851.20 18 33 0 -1
851.20 18 33 235 38
851.57 18 33 1354 38
851.92 18 33 0 38
852.54 17 33 1354 38
859.72 11 36 558 -1
863.59 15 40 1317u2 38
866.30 11 36 558 -1
869.82 15 36 1316u0 38
874.09 10 36 4154 38
921.93 124 49 1422 38
927.37 124 49 0 38
930.48 128 48 1422 38
933.95 126 48 508u2 38
934.90 128 48 0 38
935.88 126 49 1422 38
938.97 126 48 546u2 38
939.97 126 48 506 38
940.23 126 48 882u2 38
941.02 126 48 506 38
941.82 126 48 882u2 38
942.78 126 48 883u2 38
944.40 126 48 881 38
947.50 126 53 0 38
950.88 126 48 0 -1
950.88 126 48 1422 38
952.08 126 48 0 38
953.62 124 49 1422 38
955.15 125 49 508u2 38
956.10 125 49 546u2 38
957.10 125 49 506 38
957.52 125 49 882u2 38
958.38 125 49 883u2 38
961.73 124 49 0 38
962.55 124 49 1422 38
963.93 125 49 881 38
965.14 124 49 0 38
965.57 125 49 0 -1
965.57 125 49 1422 38
966.42 125 49 0 38
967.78 129 50 1422 38
969.60 128 49 508u2 38
971.07 128 49 546u2 38
972.45 128 49 506 38
972.92 128 49 882u2 38
974.48 128 49 883u2 38
976.13 128 49 881 38
979.45 132 50 0 38
980.92 128 49 0 -1
980.92 128 49 1422 38
982.22 128 49 0 38
1021.75 1 43 1422 38
1026.16 0 42 0 38
1026.16 0 42 f884 38
1028.22 1 43 0 38
1049.60 -48 57 1422 38
1054.41 -48 57 0 38
1079.85 11 67 1422 38
1081.43 12 67 48 38
1082.18 12 66 64 38
1083.36 11 67 0 38
1086.98 18 68 1422 38
1088.00 16 67 48 38
1089.46 18 69 64 38
1092.01 21 69 48 38
1095.63 18 68 0 38
1123.65 5 43 1422 38
1130.85 5 43 0 38
1183.58 2 46 1422 38
1190.58 2 46 0 38
1233.89 16 35 0 -1
1233.89 16 35 1422 38
1236.36 17 35 2197u4 38
1239.06 16 33 1603u2 38
1240.99 16 35 0 38
1272.71 -4 36 1422 38
1277.35 -2 35 881 38
1278.86 -4 36 0 38
1284.58 4 42 1422 38
1287.19 5 41 881 38
1288.23 4 42 0 38
1299.34 -4 42 1422 38
1300.68 -4 42 0 38
1304.21 -4 41 779 38
1307.83 -3 41 107 38
1310.26 0 43 0 38
1313.19 -3 41 486 38
1313.86 -3 41 108 38
1316.81 -2 43 33 38
1318.41 -4 41 4154 38
1330.84 11 67 1422 38
1333.48 12 66 67 38
1336.93 11 66 64 38
1337.98 11 67 0 38
1340.03 10 67 1422 38
1343.56 11 66 67 38
1345.19 10 67 0 38
1345.66 11 67 1422 38
1346.43 11 66 0 38
1347.49 12 66 557 38
1348.04 12 66 0 38
1349.83 11 67 0 38
1352.61 13 70 1422 38
1354.59 14 69 67 38
1355.71 14 68 67 38
1359.31 14 68 0 38
1359.83 14 69 557 38
1360.11 14 69 0 38
1361.69 13 70 0 38
1379.69 20 65 0 -1
1379.69 20 65 1422 38
1381.01 22 67 64 38
1382.88 22 67 67 38
1383.84 23 68 67 38
1384.31 22 68 67 38
1385.12 21 68 67 38
1386.78 20 69 67 38
1387.54 20 68 67 38
1392.24 20 62 0 38
1393.94 20 65 1422 38
1396.44 20 65 0 38
1398.46 20 67 0 -1
1398.46 20 67 1422 38
1401.11 21 66 132 38
1401.99 20 67 0 38
1402.59 22 67 0 -1
1402.59 22 67 1422 38
1404.59 23 68 557 38
1404.92 23 68 0 38
1406.72 22 67 0 38
1407.59 22 68 0 -1
1407.59 22 68 1422 38
1408.58 21 68 557 38
1409.36 21 68 0 38
1411.24 22 68 0 38
1413.11 18 70 1422 38
1415.16 20 70 67 38
1416.46 18 69 67 38
1419.17 18 70 0 38
1423.17 18 69 0 -1
1423.17 18 69 1422 38
1424.33 20 70 557 38
1425.41 20 68 0 38
1426.64 20 69 557 38
1427.39 18 69 0 38
1432.53 -5 58 1422 38
1434.44 0 60 48 38
1434.89 -1 60 64 38
1436.74 -5 58 0 38
1438.56 -3 63 0 -1
1438.56 -3 63 1422 38
1440.49 -1 61 64 38
1442.07 -1 61 67 38
1443.22 -1 60 67 38
1447.12 -3 63 0 38
1460.99 14 34 0 -1
1460.99 14 34 1422 38
1464.14 17 35 2197u3 38
1468.07 16 33 1603u3 38
1469.24 14 34 0 38
1473.89 11 35 1422 38
1475.12 13 35 0 38
1475.92 13 35 319 38
1476.59 11 35 0 38
1495.47 -4 41 779 38
1496.31 -3 42 406 38
1498.67 -4 43 132 38
1504.26 6 43 0 38
1508.49 -3 42 340 38
1510.44 -3 43 334 38
1511.71 -3 42 341 38
1513.16 0 43 344 38
1514.41 -3 42 339 38
1518.71 5 41 0 -1
1518.71 5 41 344 38
1521.79 5 42 0 -1
1521.79 5 42 881 38
1523.31 4 42 502u2 38
1534.19 -3 42 338 38
1538.72 1 43 345 38
1545.46 -4 41 4154 38
1558.22 15 35 0 -1
1558.22 15 35 1422 38
1560.79 14 34 1216 38
1562.02 16 33 1603u2 38
1563.82 17 35 2197u2 38
1569.36 16 33 1603u3 38
1570.34 18 31 49 38
1572.82 20 31 61 38
1573.32 19 31 0 38
1584.57 22 38 1422 38
1587.50 18 37 876 38
1591.52 20 40 236 38
1592.20 19 40 0 38
1598.82 23 39 0 38
1601.54 18 37 878 38
1605.06 18 37 876 38
1620.56 7 43 1422 38
1622.20 7 42 0 -1
1622.20 7 42 557 38
1624.27 7 42 556 38
1625.42 7 42 0 -1
1625.42 7 42 462u2 38
1627.52 7 43 0 38
1634.69 -4 41 779 38
1639.50 4 42 0 38
1644.87 -3 41 553 38
1647.70 -4 42 502u2 38
1651.22 -3 41 550 38
1653.75 -2 41 107 38
1661.87 -2 43 0 38
1663.60 -2 41 486 38
1664.70 -2 41 108 38
1665.55 -2 41 109 38
1666.74 -2 41 110 38
1671.57 -4 42 0 -1
1671.57 -4 42 33 38
1674.77 -2 41 555 38
1680.02 -4 44 502u2 38
1684.34 7 42 0 38
1693.34 -2 43 462u2 38
1696.40 -2 43 0 -1
1696.40 -2 43 557 38
1697.22 -2 43 556 38
1697.55 -2 43 0 -1
1697.55 -2 43 462u2 38
1699.84 -2 41 551 38
1704.79 -2 42 107 38
1707.45 -4 42 0 38
1708.94 -2 42 486 38
1709.97 -2 42 108 38
1710.65 -2 42 109 38
1713.00 -4 42 33 38
1715.32 -4 44 0 38
1718.40 -2 42 554 38
1719.70 -3 43 0 -1
1719.70 -3 43 502u2 38
1721.35 -4 44 334 38
1725.77 -2 43 0 -1
1725.77 -2 43 557 38
1726.57 -2 43 556 38
1726.97 -2 43 0 -1
1726.97 -2 43 462u2 38
1728.30 -2 42 549 38
1730.73 -2 43 0 -1
1730.74 -2 43 107 38
1731.59 -3 44 462u2 38
1748.18 -4 42 0 38
1750.02 -2 43 486 38
1750.77 -2 43 108 38
1751.32 -2 43 109 38
1752.88 -2 44 33 38
1755.54 -3 43 0 38
1758.29 -2 43 554 38
1759.04 -3 43 502u2 38
1762.70 -3 44 0 -1
1762.70 -3 44 557 38
1763.75 -3 44 556 38
1764.67 -3 44 0 -1
1764.67 -3 44 462u2 38
1771.34 -2 43 549 38
1772.60 -2 44 0 -1
1772.60 -2 44 107 38
1786.70 -2 44 0 -1
1786.70 -2 44 33 38
1789.67 -5 41 107 38
1793.17 -2 44 0 38
1795.98 -5 41 486 38
1800.35 -5 41 108 38
1803.59 -4 42 33 38
1810.75 -4 41 4154 38
1838.93 18 37 878 38
1840.60 18 38 0 -1
1840.60 18 38 1422 38
1841.38 17 38 557 38
1841.73 17 38 0 38
1842.72 18 38 0 38
1859.18 14 39 0 -1
1859.18 14 39 1422 38
1860.63 14 40 344 38
1861.77 15 39 30u2 38
1862.75 14 39 0 38
1879.05 20 69 0 -1
1879.05 20 69 1422 38
1880.08 20 69 0 38
1884.00 20 70 0 -1
1884.00 20 70 1422 38
1884.97 20 70 0 38
1896.52 7 52 1422 38
1897.48 6 53 48 38
1898.27 7 53 64 38
1900.72 7 52 0 38
1904.75 6 56 1422 38
1907.10 4 55 48 38
1908.70 8 56 64 38
1909.02 6 56 0 38
1911.17 8 57 1422 38
1914.40 8 56 67 38
1915.97 8 57 0 38
1916.60 8 56 0 -1
1916.60 8 56 1422 38
1917.58 8 56 0 38
1920.25 8 53 1422 38
1927.15 8 53 0 38
1928.13 8 54 1422 38
1931.85 7 53 67 38
1934.51 7 53 557 38
1934.80 7 53 0 38
1935.82 8 54 0 38
1942.30 -3 43 0 -1
1942.30 -3 43 1422 38
1944.77 -5 41 553 38
1952.88 -2 44 502u2 38
1954.03 0 46 0 38
1957.88 -4 41 779 38
1961.45 -3 44 0 -1
1961.45 -3 44 557 38
1961.91 -3 44 556 38
1962.45 -3 44 0 -1
1962.45 -3 44 462u1 38
1965.40 -5 41 550 38
1968.88 -3 43 107 38
1970.15 -5 42 406 38
1980.90 -7 48 132 38
1985.13 -4 41 4154 38
1988.08 11 36 558 -1
1993.51 19 39 0 -1
1993.51 19 39 1422 38
1995.00 17 39 2188 38
1998.18 17 38 236 38
1999.07 19 39 0 38
1999.75 18 37 876 38
2003.63 18 37 878 38
2011.26 2 33 1422 38
2011.90 2 34 48 38
2012.78 2 32 64 38
2014.91 -2 32 48 38
2016.73 3 33 64 38
2017.18 2 33 0 38
2028.31 -4 44 0 -1
2028.31 -4 44 1422 38
2030.00 -5 42 340 38
2034.28 -5 44 334 38
2035.01 -4 44 0 38
2037.30 -4 44 1422 38
2038.33 -5 42 341 38
2040.32 0 43 1316u0 38
2042.90 -5 42 339 38
2044.26 -4 44 0 38
2045.35 -4 44 1422 38
2046.25 -5 42 338 38
2048.16 0 44 345 38
2049.53 -4 44 0 38
2055.05 14 39 1422 38
2056.06 15 39 30u1 38
2058.76 15 39 30u0 38
2064.50 14 39 0 38
2066.13 11 36 558 -1
2066.90 10 36 779 38
2073.01 18 39 0 38
2077.36 14 39 1099u6 38
2081.48 16 33 1603u2 38
2085.16 14 39 0 38
2086.51 14 39 1099u6 38
2088.81 14 39 1099u5 38
2089.83 14 38 3946 38
2093.75 13 41 235 38
2095.63 15 39 279 38
2099.03 13 41 0 38
2100.30 14 39 1099u4 38
2101.30 15 39 3946 38
2104.45 15 35 235 38
2108.20 11 36 558 -1
2111.73 15 36 1316u1 38
2113.40 11 36 558 -1
2114.70 11 37 0 38
2118.36 16 35 67 38
2124.85 11 36 558 -1
2126.13 10 36 4154 38
2150.78 -4 44 1422 38
2154.43 -2 44 0 38
2156.21 -3 42 496 38
2157.14 -5 42 496 38
2157.98 -3 42 0 -1
2157.98 -3 42 502u2 38
2159.83 -4 44 0 38
2161.46 11 36 558 -1
2169.78 11 36 558 -1
2170.06 10 36 779 38
2173.96 16 35 0 38
2175.83 17 36 67 38
2178.76 15 35 0 38
2179.48 17 35 2197u1 38
2182.56 15 35 235 38
2190.55 11 36 558 -1
2191.39 10 36 4154 38
2194.49 12 34 1422 38
2197.36 17 34 0 -1
2197.36 17 34 496 38
2197.93 17 34 72 38
2198.24 17 34 0 -1
2198.24 17 34 71u2 38
2199.69 16 35 72 38
2201.16 12 34 0 38
2213.28 -4 41 779 38
2217.64 -3 44 0 -1
2217.64 -3 44 557 38
2219.28 -3 44 556 38
2220.43 -3 44 0 -1
2220.43 -3 44 462u1 38
2223.48 -3 43 0 -1
2223.48 -3 43 556 38
2224.43 -5 42 0 -1
2224.43 -5 42 107 38
2225.61 -4 43 0 -1
2225.61 -4 43 496 38
2226.96 -4 44 132 38
2227.83 -4 42 0 38
2229.11 -5 42 486 38
2229.89 -5 42 108 38
2230.56 -5 42 109 38
2231.38 -3 42 0 -1
2231.38 -3 42 33 38
2232.39 -5 42 554 38
2234.33 -3 43 0 -1
2234.33 -3 43 502u2 38
2238.38 -5 42 549 38
2245.31 -5 43 107 38
2247.08 -3 42 0 38
2248.26 -5 43 486 38
2249.29 -5 43 108 38
2250.41 -5 43 109 38
2252.88 -3 45 33 38
2253.89 -3 43 0 38
2257.83 -5 43 554 38
2259.16 -3 42 502u2 38
2262.91 -3 44 0 -1
2262.91 -3 44 557 38
2264.06 -3 44 556 38
2264.59 -3 44 0 -1
2264.59 -3 44 462u1 38
2272.59 -5 43 549 38
2273.51 -3 43 107 38
2274.44 -4 41 4154 38
2276.26 11 36 558 -1
2278.89 10 42 1422 38
2281.11 13 43 30u2 38
2282.73 13 43 30u1 38
2284.81 10 42 0 38
2291.39 -3 43 0 -1
2291.39 -3 43 1422 38
2292.59 -2 44 107 38
2294.58 -3 45 0 38
2295.38 -2 44 486 38
2296.16 -2 44 108 38
2296.74 -2 44 109 38
2297.74 -3 45 33 38
2298.53 -3 43 0 38
2302.14 -3 42 0 -1
2302.14 -3 42 1422 38
2303.86 -2 44 554 38
2304.47 -3 43 502u2 38
2313.79 -3 46 0 38
2318.76 -4 41 779 38
2319.13 -4 41 4154 38
2319.76 -4 41 779 38
2322.29 -3 44 0 -1
2322.29 -3 44 557 38
2323.54 -3 44 556 38
2324.24 -3 44 0 -1
2324.24 -3 44 462u1 38
2325.84 -2 44 549 38
2327.11 -3 44 0 -1
2327.11 -3 44 107 38
2329.51 -3 42 462u1 38
2331.41 -3 45 0 38
2332.11 -3 44 486 38
2332.76 -3 44 108 38
2335.42 -3 43 0 -1
2335.42 -3 43 33 38
2336.29 -3 44 553 38
2338.44 -4 43 0 -1
2338.44 -4 43 502u2 38
2340.69 -4 41 4154 38
2343.39 11 36 558 -1
2350.14 15 35 0 -1
2350.14 15 35 1422 38
2351.06 17 35 2197u0 38
2355.72 16 33 1603u3 38
2356.72 15 35 0 38
2359.51 15 35 1422 38
2361.89 17 34 0 -1
2361.89 17 34 496 38
2362.64 17 34 72 38
2363.26 17 34 0 -1
2363.26 17 34 71u2 38
2365.12 16 35 1599u0 38
2365.64 15 35 0 38
2391.88 -1 60 0 -1
2391.88 -1 60 1422 38
2393.01 -1 61 557 38
2393.54 -1 61 0 38
2394.91 -1 60 0 38
2430.92 2 176 1422 38
2435.07 1 175 806 38
2436.86 1 175 0 38
2437.87 2 176 0 38
2479.34 7 52 1422 38
2481.44 7 52 0 38
2483.96 8 54 1422 38
2485.77 5 53 64 38
2486.94 7 53 64 38
2488.31 5 54 64 38
2489.27 8 53 64 38
2490.79 8 54 0 38
2493.49 8 54 1422 38
2498.84 8 54 0 38
2499.40 8 54 1422 38
2501.82 8 53 67 38
2502.96 7 53 67 38
2504.81 5 53 67 38
2506.44 5 54 67 38
2509.21 8 54 0 38
2510.92 8 53 0 -1
2510.92 8 53 1422 38
2512.06 7 53 557 38
2512.70 7 53 0 38
2513.64 8 53 0 38
2514.76 5 53 0 -1
2514.76 5 53 1422 38
2516.46 5 54 557 38
2517.99 5 54 0 38
2519.37 5 53 0 38
2524.87 -4 41 779 38
2527.09 -4 41 4154 38
2532.50 11 36 558 -1
2543.24 2 33 1422 38
2545.19 3 33 67 38
2545.99 2 32 67 38
2549.15 3 33 0 38
2550.64 2 32 557 38
2550.82 2 32 0 38
2552.04 2 33 0 38
2555.74 15 35 1422 38
2557.49 16 33 1603u2 38
2558.89 17 35 1250 38
2562.04 16 33 1603u3 38
2564.16 17 35 86 38
2566.77 15 35 1217 38
2568.34 15 31 0 38
2578.70 -4 42 1422 38
2580.27 -3 42 0 -1
2580.27 -3 42 557 38
2580.65 -3 42 556 38
2581.47 -3 42 0 -1
2581.47 -3 42 462u1 38
2582.59 -3 44 550 38
2585.85 -4 44 0 -1
2585.85 -4 44 107 38
2587.92 -4 42 0 38
2588.69 -4 42 1422 38
2591.10 -3 42 0 -1
2591.10 -3 42 557 38
2592.57 -3 42 556 38
2594.54 -4 42 0 38
2595.12 -4 42 1422 38
2596.87 -3 43 0 38
2597.77 -4 44 486 38
2600.25 -4 44 108 38
2601.15 -3 43 33 38
2602.24 -4 43 0 38
2604.32 -4 44 553 38
2606.24 -4 42 502u2 38
2609.29 -6 45 0 38
2613.45 12 42 1422 38
2615.00 13 43 30u0 38
2616.64 12 42 0 38
2626.25 -3 42 0 -1
2626.25 -3 42 1422 38
2627.74 -4 44 550 38
2630.02 -5 44 0 -1
2630.02 -5 44 107 38
2633.42 -4 43 334 38
2637.62 -6 45 0 38
2645.24 -4 44 779 38
2646.87 -2 45 0 38
2648.27 -2 45 132 38
2650.47 -4 43 0 38
2651.57 -4 43 334 38
2652.20 -3 43 0 38
2652.82 -3 43 33 38
2653.50 -4 43 0 38
2655.55 -3 45 334 38
2657.35 -4 44 4154 38
2658.35 -4 44 779 38
2660.30 -4 42 0 38
2663.55 -3 46 502u2 38
2666.85 -3 43 0 38
2669.95 -5 44 486 38
2670.52 -5 44 108 38
2671.02 -5 44 109 38
2671.64 -5 44 110 38
2673.74 -3 46 0 -1
2673.74 -3 46 33 38
2675.67 -5 44 555 38
2680.22 -3 46 0 -1
2680.22 -3 46 502u2 38
2686.02 0 45 33 38
2689.39 -5 45 557 38
2691.80 -5 45 556 38
2693.52 -5 45 0 -1
2693.52 -5 45 462u1 38
2694.92 -5 44 551 38
2702.07 -6 41 107 38
2707.09 -4 44 4154 38
2716.04 12 42 1422 38
2716.80 13 43 279 38
2718.39 12 42 0 38
2725.30 12 32 1422 38
2727.02 16 33 1603u2 38
2729.62 12 32 0 38
2733.90 13 42 1422 38
2738.33 14 39 1099u3 38
2740.12 13 43 3946 38
2740.57 13 41 235 38
2741.09 13 42 0 38
2747.57 9 41 779 38
2757.08 12 42 87 38
2757.08 13 42 198 38
