startTime: 1615141142.70
0.00 3 2 48 36
2.72 5 2 4062u0 36
7.55 2 -1 48 36
8.07 4 -1 4062u0 36
18.98 11 36 558 -1
18.98 12 49 f898 -1
18.98 13 49 f898 -1
18.98 14 49 f898 -1
18.98 15 49 f898 -1
24.10 11 36 558 -1
26.43 11 36 558 36
28.22 11 36 1851 36
37.12 15 48 0 36
40.13 15 48 716 36
49.27 16 45 0 36
50.92 16 45 64 36
79.66 11 31 45 36
85.90 10 42 66 36
86.70 12 42 0 36
97.64 16 34 0 36
99.95 16 34 235 36
102.73 16 34 1354 36
104.41 16 33 1354 36
109.72 19 34 49 36
111.35 17 35 0 -1
111.35 17 35 61 36
111.62 16 35 235 36
113.58 20 34 48 36
115.33 17 33 0 -1
115.33 17 33 64 36
115.72 17 33 72 36
116.55 17 33 0 -1
116.55 17 33 71u2 36
117.85 18 35 72 36
118.58 18 34 0 36
119.93 17 36 75 36
121.07 18 34 74 36
122.73 20 34 48 36
125.26 17 36 67 36
126.85 17 35 78 36
128.65 18 35 0 -1
128.65 18 35 62 36
132.00 17 35 82 36
132.93 16 36 344 36
133.72 17 35 346 36
185.06 6 53 48 36
187.43 5 54 4062u0 36
194.83 15 41 472u2 36
197.66 15 41 472 36
205.23 15 34 0 36
208.30 15 34 235 36
209.80 13 35 0 36
211.21 13 35 319 36
212.40 15 34 0 36
222.48 1 51 511u1 36
226.63 10 43 1134 36
232.68 1 51 511u1 36
238.84 13 43 3946 36
265.49 14 31 235 36
268.84 7 29 45 36
282.39 17 33 0 -1
282.39 17 33 66 36
283.18 17 33 72 36
283.68 17 33 0 -1
283.68 17 33 71u1 36
284.71 17 34 0 -1
284.71 17 34 72 36
286.13 15 34 1354 36
287.88 17 36 0 36
288.76 17 35 346 36
291.06 17 34 82 36
292.74 17 36 248 36
298.71 19 40 0 36
301.51 16 36 1316u0 36
317.98 15 48 0 36
320.42 14 49 716 36
329.16 26 45 4154 36
333.67 14 50 0 -1
333.67 14 50 1422 36
335.16 14 50 0 36
335.88 14 51 0 -1
335.88 14 51 1422 36
336.76 14 51 0 36
337.36 14 52 0 -1
337.36 14 52 1422 36
338.54 14 52 0 36
346.14 11 36 558 36
348.21 11 36 1851 36
353.01 9 36 779 36
357.54 16 34 0 -1
357.54 16 34 132 36
358.04 17 34 85 36
360.24 16 34 0 -1
360.24 16 34 235 36
361.24 17 33 0 -1
361.24 17 33 132 36
361.94 17 33 72 36
362.47 17 33 0 -1
362.47 17 33 71u1 36
365.03 15 36 0 -1
365.03 15 36 72 36
375.34 16 33 0 36
377.29 17 34 85 36
378.27 16 33 1355 36
379.47 15 34 0 36
380.06 17 34 85 36
380.72 15 34 1355 36
382.72 16 36 344 36
383.92 17 35 346 36
392.42 17 33 0 -1
392.42 17 33 132 36
393.12 17 33 72 36
393.59 17 33 0 -1
393.59 17 33 71u0 36
396.21 15 36 1599u0 36
403.62 17 33 0 -1
403.62 17 33 132 36
404.39 17 33 72 36
404.82 17 33 0 -1
404.82 17 33 859 36
407.56 15 36 1599u1 36
409.26 12 35 0 36
410.74 13 35 0 -1
410.74 13 35 207 36
411.54 13 35 0 -1
411.54 13 35 319 36
412.02 12 35 207 36
426.67 11 35 292 36
428.87 12 33 0 36
432.01 15 38 0 36
436.02 21 40 0 -1
436.02 21 40 292 36
439.29 18 37 876 36
440.30 18 37 878 36
449.65 10 35 0 36
450.92 10 35 441u3 36
452.14 9 36 4154 36
463.25 16 33 0 -1
463.25 16 33 1422 36
467.39 12 33 235 36
468.34 16 33 0 36
483.80 102 46 1422 36
486.17 103 46 0 -1
486.17 103 46 455 36
487.05 103 46 0 -1
487.05 103 46 503 36
487.42 103 46 508 36
488.52 103 46 546 36
489.59 103 46 506 36
489.92 103 46 882 36
491.67 103 46 883 36
492.85 103 46 881 36
495.92 98 46 0 36
497.49 103 46 0 -1
497.49 103 46 1422 36
499.60 103 46 0 36
502.85 97 50 1422 36
504.85 98 49 508 36
506.07 98 49 546 36
507.37 98 49 506 36
507.68 98 49 882 36
509.45 98 49 883 36
511.04 98 49 881 36
512.30 97 50 0 36
512.77 98 49 0 -1
512.77 98 49 1422 36
513.62 98 49 0 36
517.45 115 44 1422 36
519.12 114 43 508 36
520.50 114 43 546 36
522.07 114 43 506 36
522.38 114 43 882 36
523.52 114 43 883 36
524.87 114 43 881 36
527.05 115 44 0 36
527.84 114 43 0 -1
527.84 114 43 1422 36
528.95 114 43 0 36
540.60 136 46 647 36
542.95 131 48 1422 36
545.63 132 47 508 36
546.95 132 47 546 36
548.82 132 47 506 36
549.08 132 47 882 36
550.75 132 47 883 36
551.88 132 47 881 36
554.93 127 52 0 36
557.23 132 47 0 -1
557.23 132 47 1422 36
559.53 132 47 0 36
581.92 15 34 0 -1
581.92 15 34 1422 36
584.08 16 33 235 36
584.78 15 34 0 36
588.02 11 36 558 -1
602.00 10 49 1422 36
603.83 11 49 0 36
603.83 11 49 f884 36
606.97 14 50 107 36
608.72 10 49 0 36
618.85 15 50 1422 36
620.33 15 50 0 36
621.78 12 51 1422 36
623.43 12 49 0 36
625.90 14 50 486 36
626.45 15 50 33 36
629.83 14 50 0 36
629.83 14 50 f884 36
630.68 14 51 107 36
631.17 12 51 0 36
632.23 15 51 1422 36
633.07 15 51 0 36
633.62 16 51 1422 36
634.48 15 50 0 36
635.40 14 51 486 36
637.25 15 52 33 36
639.23 14 51 0 36
639.23 14 51 f884 36
640.45 14 52 107 36
641.23 15 52 0 36
641.83 14 52 486 36
642.25 15 52 33 36
643.15 16 51 0 36
644.43 15 53 1422 36
646.75 14 52 0 36
646.75 14 52 f884 36
648.01 16 52 107 36
648.88 15 53 0 36
652.96 13 34 0 -1
652.96 13 34 1422 36
653.85 13 34 0 36
660.16 16 53 1422 36
661.66 14 53 1938 36
664.45 14 54 0 36
666.10 16 53 0 36
671.20 15 34 1422 36
674.83 17 34 132 36
675.70 15 34 0 36
678.31 11 36 558 -1
679.11 10 36 779 36
696.15 18 37 876 36
697.81 18 37 878 36
698.63 18 37 876 36
699.43 18 37 878 36
700.00 18 37 876 36
703.61 20 39 0 -1
703.61 20 39 198 36
704.58 21 39 292 36
707.40 18 37 878 36
735.66 14 -54 87 36
