startTime: 1616733059.72
0.00 12 32 0 42
4.98 18 37 876 42
6.63 18 37 878 42
10.17 16 34 0 42
11.38 15 36 72 42
12.50 16 34 71u2 42
13.77 15 36 0 42
14.73 17 35 72 42
17.50 19 34 49 42
18.35 17 34 61 42
20.27 20 34 48 42
21.02 20 33 4062u0 42
23.28 20 34 48 42
26.38 16 33 0 -1
26.38 16 33 62 42
29.45 17 36 75 42
30.22 17 35 0 -1
30.22 17 35 74 42
31.97 16 33 0 -1
31.97 16 33 72 42
34.27 17 36 67 42
35.47 17 34 0 -1
35.47 17 34 77 42
36.08 17 35 0 -1
36.08 17 35 61 42
36.73 17 34 0 -1
36.73 17 34 74 42
37.40 17 35 78 42
40.33 16 33 0 -1
40.33 16 33 62 42
45.42 17 35 82 42
52.28 14 40 1316u0 42
57.77 17 35 346 42
63.18 2 34 48 42
64.68 4 35 64 42
76.35 -5 38 99 42
77.66 -4 38 96 42
99.20 20 39 1602u1 42
101.21 19 39 236 42
105.25 20 39 1602u0 42
105.85 18 39 236 42
106.73 20 39 236 42
108.87 17 39 236 42
110.30 20 40 0 42
112.80 20 40 659 42
114.06 19 40 0 42
116.03 20 40 0 42
117.31 18 37 876 42
118.91 18 37 878 42
122.50 14 39 659 42
123.60 13 39 30u4 42
124.96 14 39 0 42
142.43 -2 80 659 42
144.28 0 80 662u3 42
145.16 -2 80 1099u0 42
145.76 0 80 662u3 42
146.33 -2 80 1099u1 42
146.80 0 80 662u3 42
147.58 -2 80 1099u2 42
148.45 0 80 662u3 42
149.11 -2 80 1099u3 42
149.58 0 80 662u3 42
150.21 -2 80 1099u4 42
150.65 0 80 662u3 42
151.23 -2 80 1099u5 42
151.68 0 80 662u3 42
153.20 -2 80 1099u6 42
154.31 0 80 662u3 42
154.95 -2 80 1099u7 42
155.65 0 80 662u3 42
156.36 -2 80 1099 42
157.08 0 80 662u3 42
157.73 -2 80 660 42
159.83 -2 80 0 42
177.76 14 39 660 42
179.81 14 39 1099 42
180.41 14 38 3946 42
182.38 13 39 30u3 42
184.98 18 43 204 42
188.16 18 43 205 42
195.56 19 46 48 42
197.90 17 47 64 42
199.08 17 46 0 42
202.46 13 41 1099u0 42
236.23 13 39 30u2 42
238.16 13 39 30u1 42
250.58 20 52 49 42
254.53 18 62 61 42
261.61 30 76 49 42
264.68 28 83 61 42
272.41 33 94 224 42
274.76 33 94 244 42
302.09 16 33 225 42
304.21 16 35 1599u0 42
304.58 17 35 83 42
309.29 13 39 30u0 42
314.14 20 33 64 42
315.34 16 33 226 42
316.53 20 33 4062u0 42
321.79 16 33 227 42
324.78 13 34 0 -1
324.78 13 34 245 42
325.71 13 34 251 42
326.06 13 34 0 -1
326.06 13 34 33 42
333.29 14 41 0 -1
333.29 14 41 251 42
334.73 14 42 684u3 42
344.54 13 39 279 42
353.49 19 34 49 42
356.71 20 40 61 42
358.26 22 40 1603u0 42
365.51 13 41 1100 42
366.06 14 41 252 42
366.46 14 41 0 -1
366.46 14 41 235 42
369.99 18 39 264 42
371.56 17 39 264 42
372.14 19 39 264 42
373.89 20 39 264 42
377.26 22 40 1603u1 42
385.18 10 35 0 42
389.51 14 41 0 -1
389.51 14 41 152 42
392.63 14 39 1099u7 42
393.39 13 39 3946 42
399.16 15 39 30u4 42
403.29 15 39 30u3 42
404.88 14 41 0 42
421.11 35 76 539 42
422.88 34 76 151 42
423.78 35 76 538 42
430.09 34 76 0 42
439.31 28 78 2176 42
441.36 27 77 151 42
442.38 28 78 2177 42
444.18 27 77 0 42
460.44 10 35 152 42
461.38 10 35 151 42
468.62 16 35 72 42
469.11 17 35 82 42
472.39 14 40 344 42
475.34 17 35 346 42
482.36 22 40 1603u2 42
486.33 22 40 1603u3 42
495.64 11 41 4154 42
502.64 11 36 558 -1
503.22 10 36 779 42
505.54 11 36 558 42
513.37 15 39 30u2 42
514.46 15 39 30u1 42
532.04 11 36 558 -1
536.52 11 35 132 42
539.31 11 35 4063u0 42
541.26 11 35 4063u1 42
542.17 10 36 4154 42
542.47 11 36 558 -1
545.72 23 39 1422 42
546.59 23 40 1605u0 42
548.16 23 40 292 42
549.59 23 39 0 42
552.39 11 36 558 -1
568.41 27 79 1422 42
570.42 28 78 2182 42
572.17 28 78 0 42
573.34 27 79 0 42
577.37 33 77 1422 42
579.37 35 76 563 42
581.97 33 77 0 42
582.71 36 77 1422 42
585.64 35 76 562 42
587.59 36 77 0 42
589.16 34 76 1422 42
591.34 35 76 565 42
595.14 34 76 0 42
596.89 37 76 1422 42
600.24 35 77 292 42
600.99 35 76 565u3 42
602.82 35 76 565u2 42
604.27 35 76 565u1 42
605.61 37 76 0 42
606.36 34 77 1422 42
609.04 36 76 292 42
609.54 35 76 565u0 42
610.39 35 76 566 42
611.86 36 76 0 42
613.22 35 77 0 42
614.01 34 77 0 42
628.61 11 36 558 -1
628.94 10 36 779 42
631.22 11 35 4063u0 42
634.51 11 35 4063u1 42
637.59 15 39 30u0 42
639.67 15 39 279 42
642.26 15 38 301 42
645.54 11 36 558 -1
652.04 15 36 302 42
653.32 11 35 4063u0 42
654.47 11 35 4063u1 42
655.81 11 36 558 -1
662.34 19 40 292 42
663.87 22 40 1603u2 42
664.40 20 40 235 42
666.94 20 40 4056 42
668.07 20 40 4057 42
671.07 20 40 0 42
671.67 20 39 802 42
672.27 20 40 235 42
673.34 20 40 4056 42
673.90 21 40 0 42
674.67 21 40 292 42
677.15 20 40 4057 42
678.96 20 40 0 -1
678.96 20 40 34 42
680.21 19 39 802 42
681.76 20 40 0 -1
681.76 20 40 235 42
683.21 20 40 4056 42
684.32 20 40 4057 42
684.69 20 40 0 -1
684.69 20 40 34 42
686.04 18 39 802 42
686.87 20 40 0 -1
686.87 20 40 235 42
688.07 19 38 34 42
689.47 17 36 0 42
691.89 17 36 67 42
693.36 12 35 0 42
694.64 12 35 207 42
695.65 11 36 558 -1
703.52 19 38 0 -1
703.52 19 38 292 42
705.54 20 38 34 42
706.19 19 38 0 42
706.95 19 38 292 42
707.55 19 38 0 42
708.37 19 38 292 42
710.86 20 40 4056 42
712.05 20 38 0 42
713.49 20 40 4057 42
716.24 20 40 0 42
718.15 17 39 802 42
719.67 20 40 235 42
721.61 20 40 4056 42
727.99 14 40 0 42
731.11 17 35 346 42
741.34 17 38 2182 42
744.46 15 33 1602u1 42
747.27 17 38 0 -1
747.27 17 38 236 42
748.00 17 38 2183 42
750.09 17 36 0 42
750.57 17 35 346 42
754.82 18 40 249 42
756.75 18 38 248 42
769.59 17 39 0 42
770.84 18 40 250 42
772.57 18 39 0 42
773.52 18 40 250 42
775.02 19 39 0 42
775.99 18 40 250 42
777.72 20 39 0 42
778.87 18 40 250 42
782.79 17 38 0 -1
782.79 17 38 34 42
783.79 18 40 2184 42
924.53 9 42 0 42
925.82 9 42 227 42
934.50 8 32 0 42
940.00 6 44 340 42
942.43 7 42 334 42
944.10 6 44 341 42
945.00 8 43 344 42
945.92 6 44 339 42
946.53 8 44 344 42
947.85 6 44 338 42
951.48 15 40 1317u3 42
1025.92 -4 41 558 -1
1028.65 -6 44 45 42
1030.57 -3 46 66 42
1035.08 -3 47 0 42
1038.25 -4 41 558 -1
1044.13 4 44 462u1 42
1047.35 -4 41 558 -1
1048.72 -5 42 0 42
1058.13 2 44 556 42
1073.72 18 40 237 42
1074.62 18 39 2186 42
1079.58 16 35 0 42
1080.63 17 35 82 42
1086.60 18 39 2187 42
1092.47 18 39 2187u4 42
1094.55 20 39 236 42
1109.43 3 43 0 42
1110.63 2 43 132 42
1112.25 2 43 0 42
1112.88 3 43 132 42
1135.38 11 36 558 -1
1136.23 10 36 4154 42
1142.41 20 32 1422 42
1143.33 20 33 64 42
1143.78 20 33 4062u0 42
1144.56 20 33 64 42
1146.01 20 33 0 42
1147.90 20 32 0 42
1153.90 17 46 1422 42
1156.76 17 46 0 42
1162.75 17 38 0 -1
1162.75 17 38 1422 42
1165.10 17 38 0 42
1169.63 17 46 1422 42
1171.36 16 48 64 42
1173.48 17 48 64 42
1175.25 16 48 67 42
1175.83 17 48 67 42
1177.83 17 47 67 42
1179.15 17 48 0 42
1179.86 17 47 557 42
1180.40 17 47 0 42
1184.35 8 51 0 42
1185.58 7 53 1422 42
1186.55 6 53 48 42
1187.38 7 53 0 42
1188.45 4 54 1422 42
1189.18 4 55 48 42
1190.61 4 54 0 42
1206.60 17 48 1422 42
1208.66 17 47 64 42
1210.51 18 47 49 42
1211.96 18 46 0 -1
1211.96 18 46 61 42
1213.48 17 46 58 42
1214.61 17 48 0 42
1216.08 15 47 1422 42
1218.31 17 47 67 42
1221.90 17 48 64 42
1222.65 15 47 0 42
1223.45 15 47 1422 42
1225.55 17 48 67 42
1227.26 16 48 0 42
1228.00 17 48 557 42
1228.45 17 48 0 42
1229.91 15 47 0 42
1230.48 17 47 0 -1
1230.48 17 47 1422 42
1231.43 17 47 0 42
1242.50 -1 60 1422 42
1243.43 0 60 48 42
1244.16 0 59 64 42
1246.18 0 59 67 42
1250.06 0 59 557 42
1250.28 0 59 0 42
1251.51 -1 60 0 42
1259.44 -3 78 1422 42
1260.38 -5 79 48 42
1261.08 -4 79 64 42
1262.46 -4 79 67 42
1264.46 -4 79 0 42
1265.53 -3 78 0 42
1283.23 19 67 1422 42
1284.73 16 67 48 42
1286.63 21 67 64 42
1287.60 19 67 0 42
1289.78 13 67 1422 42
1290.64 12 67 48 42
1291.53 12 65 64 42
1293.69 12 65 67 42
1295.16 13 67 0 42
1295.94 11 66 1422 42
1299.08 12 65 557 42
1299.38 12 65 0 42
1300.16 11 66 0 42
1302.96 24 68 1422 42
1304.08 21 69 48 42
1305.51 21 68 64 42
1307.99 21 68 67 42
1308.59 21 67 67 42
1310.49 24 68 0 42
1311.28 21 68 0 -1
1311.28 21 68 1422 42
1312.26 21 67 557 42
1313.16 21 67 0 42
1315.63 23 68 557 42
1316.11 21 68 0 42
1323.79 9 41 779 42
1325.43 9 41 4154 42
1328.83 5 43 1422 42
1332.46 2 43 557 42
1334.58 3 43 0 -1
1334.58 3 43 557 42
1336.13 5 43 0 42
1338.06 4 45 1422 42
1340.54 4 43 557 42
1342.86 4 44 0 -1
1342.86 4 44 557 42
1343.68 4 44 556 42
1344.39 4 43 556 42
1346.06 3 43 556 42
1348.89 6 43 858 42
1352.08 0 42 0 42
1368.46 9 32 0 -1
1368.46 9 32 1422 42
1369.44 9 32 0 42
1376.98 6 45 1422 42
1379.21 6 44 496 42
1381.88 6 45 0 42
1387.61 15 42 1422 42
1389.61 14 41 502u3 42
1390.63 15 42 0 42
1393.06 10 41 779 42
1404.28 20 39 0 42
1405.21 18 39 2187u3 42
1406.73 19 39 236 42
1407.69 18 37 876 42
1408.96 18 37 878 42
1410.43 15 35 1599u3 42
1411.74 15 35 1599 42
1414.14 14 41 0 42
1415.46 14 41 502u3 42
1423.86 16 34 0 -1
1423.86 16 34 132 42
1425.13 16 34 72 42
1427.18 16 34 0 -1
1427.18 16 34 71u1 42
1428.09 16 35 72 42
1430.11 11 36 558 -1
1433.91 11 36 558 -1
1441.78 11 36 558 -1
1453.16 10 41 4154 42
1465.36 23 68 0 -1
1465.36 23 68 1422 42
1466.38 23 68 0 42
1486.54 4 45 1422 42
1488.73 3 44 557 42
1489.62 4 45 0 42
1499.28 1 48 0 -1
1499.28 1 48 1422 42
1501.21 2 47 881 42
1504.86 1 48 0 42
1508.51 3 44 0 -1
1508.51 3 44 1422 42
1509.89 1 45 557 42
1510.71 1 45 0 42
1511.24 2 45 0 -1
1511.24 2 45 557 42
1512.34 2 46 132 42
1513.34 3 44 0 42
1514.66 4 44 0 -1
1514.66 4 44 1422 42
1515.76 5 43 556 42
1516.64 4 44 0 42
1563.46 -2 35 0 -1
1563.46 -2 35 1422 42
1564.56 -2 35 0 42
1573.54 1 48 1422 42
1576.29 3 47 881 42
1577.17 1 48 0 42
1587.42 11 36 558 -1
1590.86 11 36 558 -1
1600.81 5 2 1422 42
1601.69 3 2 48 42
1602.69 5 2 0 42
1604.84 2 -3 1422 42
1605.51 2 -1 48 42
1606.62 2 -3 0 42
1613.67 9 -14 1422 42
1614.21 8 -13 48 42
1615.29 9 -14 0 42
1634.06 11 36 558 -1
1638.17 20 39 1422 42
1639.27 19 39 0 42
1641.84 18 39 2187u2 42
1643.31 17 39 236 42
1644.22 20 39 0 42
1699.99 5 -23 143 42
1700.54 4 -22 143 42
1729.10 4 35 0 -1
1729.10 4 35 1422 42
1730.04 4 35 0 42
1739.34 6 44 0 -1
1739.34 6 44 1422 42
1745.04 4 44 496 42
1745.60 6 44 0 42
1754.99 8 45 1422 42
1757.39 6 43 0 -1
1757.39 6 43 64 42
1758.44 6 44 858 42
1760.95 7 43 64 42
1762.62 7 44 64 42
1763.75 8 45 0 42
1764.92 5 45 1422 42
1766.27 7 45 64 42
1767.24 5 45 0 42
1800.94 -1 149 1422 42
1801.72 0 149 48 42
1802.55 -1 149 0 42
1809.70 -15 160 1422 42
1810.85 -13 159 48 42
1813.74 -15 160 0 42
1814.52 -16 159 1422 42
1815.97 -19 159 48 42
1817.29 -16 159 0 42
1818.99 -15 162 0 -1
1818.99 -15 162 1422 42
1820.60 -15 162 0 42
1824.00 -15 170 1422 42
1825.37 -13 170 30u3 42
1827.25 -15 172 0 42
1830.64 -15 170 0 42
1838.42 -16 168 1422 42
1841.40 -17 169 806 42
1843.09 -17 169 0 42
1846.30 -16 168 0 42
1862.22 -20 197 1422 42
1863.80 -22 194 48 42
1866.72 -21 196 64 42
1868.32 -20 196 64 42
1869.04 -20 197 0 42
1869.70 -20 197 1422 42
1873.84 -21 196 67 42
1874.87 -20 196 67 42
1876.85 -21 196 0 42
1877.29 -20 196 557 42
1877.57 -20 196 0 42
1878.85 -20 197 0 42
1884.27 -33 189 1422 42
1885.79 -30 188 48 42
1886.34 -31 188 64 42
1889.32 -32 188 64 42
1889.88 -33 189 0 42
1890.62 -32 189 1422 42
1892.87 -32 188 67 42
1893.87 -31 188 67 42
1895.32 -32 188 0 42
1895.68 -31 188 557 42
1895.95 -31 188 0 42
1897.04 -32 189 0 42
1898.24 -32 184 1422 42
1899.62 -34 185 48 42
1900.24 -33 185 64 42
1903.38 -32 185 64 42
1904.18 -32 184 0 42
1904.93 -32 186 1422 42
1906.82 -33 185 67 42
1907.30 -32 185 67 42
1908.88 -32 185 0 42
1909.32 -33 185 557 42
1909.62 -33 185 0 42
1911.32 -32 186 0 42
1924.60 -68 194 1422 42
1926.65 -67 194 39 42
1927.82 -67 194 0 42
1929.07 -68 194 0 42
1943.58 -19 185 1422 42
1944.52 -21 185 48 42
1945.42 -19 184 64 42
1948.32 -18 184 64 42
1950.02 -19 184 67 42
1950.43 -18 184 67 42
1951.78 -19 185 0 42
1953.28 -19 184 0 -1
1953.28 -19 184 1422 42
1953.85 -18 184 557 42
1954.18 -18 184 0 42
1954.95 -19 184 0 42
1985.38 4 45 1422 42
1987.90 2 46 0 -1
1987.90 2 46 557 42
1991.52 7 46 557 42
1995.45 7 45 0 -1
1995.45 7 45 557 42
1996.33 6 45 64 42
2000.05 4 42 0 42
2002.47 4 46 1422 42
2005.08 6 45 67 42
2006.32 7 44 67 42
2008.35 6 45 0 42
2009.72 7 44 557 42
2010.07 7 44 0 42
2015.13 0 50 0 42
2018.43 5 45 1422 42
2020.27 7 44 557 42
2023.67 5 45 0 42
2024.57 5 45 1422 42
2027.07 7 43 0 -1
2027.07 7 43 557 42
2028.18 6 45 64 42
2030.08 5 45 0 42
2030.67 5 45 1422 42
2033.23 6 45 67 42
2034.20 6 43 67 42
2036.35 5 45 0 42
2036.92 6 45 0 -1
2036.92 6 45 1422 42
2039.45 6 43 557 42
2040.77 6 45 0 42
2052.45 5 42 0 -1
2052.45 5 42 1422 42
2053.38 5 42 0 42
2071.93 3 47 0 -1
2071.93 3 47 1422 42
2075.78 7 47 881 42
2077.38 3 47 0 42
2078.35 3 48 1422 42
2081.33 3 47 881 42
2082.30 3 48 0 42
2084.13 11 36 558 -1
2092.97 19 39 1422 42
2094.37 17 39 0 42
2094.98 18 39 2187u1 42
2096.53 17 39 236 42
2097.60 19 39 0 42
2098.16 18 37 876 42
2100.73 18 37 878 42
2102.97 16 34 0 -1
2102.97 16 34 1422 42
2103.80 17 35 71u1 42
2105.22 17 35 0 -1
2105.22 17 35 132 42
2105.53 17 35 72 42
2106.18 17 35 0 -1
2106.18 17 35 71u1 42
2106.78 16 35 1599u0 42
2107.58 16 34 0 42
2112.53 14 41 0 -1
2112.53 14 41 1422 42
2113.43 14 41 0 42
2114.18 11 36 558 -1
2129.95 24 2 0 -1
2129.95 24 2 1422 42
2131.13 25 2 32 42
2135.01 24 2 0 42
2135.83 26 2 1422 42
2139.15 26 2 0 42
2139.88 23 2 1422 42
2142.13 25 2 503 42
2143.77 23 2 0 42
2145.55 21 6 1422 42
2148.33 23 6 503 42
2149.38 21 6 0 42
2154.03 20 16 1422 42
2155.63 21 16 503 42
2156.46 20 16 0 42
2168.33 40 21 1422 42
2170.11 40 20 503 42
2172.48 40 21 0 42
2179.56 47 28 1422 42
2181.23 48 28 503 42
2181.88 47 28 0 42
2186.45 63 19 1422 42
2188.26 64 19 503 42
2189.23 63 19 0 42
2190.58 61 17 1422 42
2191.83 62 16 503 42
2192.70 61 17 0 42
2195.28 64 11 1422 42
2197.08 61 12 503 42
2198.95 64 10 503 42
2200.33 64 11 0 42
2204.16 56 11 1422 42
2206.10 55 10 503 42
2207.23 56 11 0 42
2209.48 49 6 1422 42
2211.18 50 6 503 42
2212.65 49 6 0 42
2218.68 35 9 1422 42
2221.55 35 8 503 42
2224.48 35 9 0 42
2225.25 35 9 1422 42
2225.90 33 9 2142u2 42
2227.90 35 10 2144 42
2228.73 35 9 0 42
2231.75 32 4 1422 42
2233.53 32 5 503 42
2235.15 32 4 0 42
2243.88 39 -2 1422 42
2245.68 40 -2 503 42
2246.68 39 -2 0 42
2250.33 34 -9 1422 42
2251.73 35 -9 503 42
2253.01 34 -11 503 42
2254.06 33 -11 503 42
2255.93 34 -9 0 42
2257.86 36 -15 1422 42
2259.96 37 -14 503 42
2261.01 35 -16 503 42
2262.16 32 -15 503 42
2262.98 31 -16 503 42
2264.85 36 -15 0 42
2266.86 29 -17 1422 42
2268.55 29 -16 503 42
2269.51 30 -18 503 42
2271.46 28 -19 503 42
2274.40 29 -17 0 42
2276.06 35 -18 1422 42
2277.51 36 -18 503 42
2278.93 35 -18 0 42
2297.58 6 45 1422 42
2299.58 6 44 930 42
2300.28 6 44 0 42
2302.23 6 45 0 42
2311.76 20 39 1422 42
2313.53 22 40 1603u1 42
2315.35 20 38 235 42
2317.48 20 38 495 42
2319.76 17 39 0 42
2320.91 17 39 236 42
2324.26 23 39 0 42
2331.64 20 38 0 -1
2331.64 20 38 1422 42
2332.61 20 38 0 42
2340.68 17 33 1422 42
2341.36 16 33 0 42
2342.33 16 33 227 42
2345.69 16 34 495 42
2346.78 15 33 1602u0 42
2348.74 16 34 319 42
2349.49 17 33 0 42
2353.50 11 36 558 -1
2354.08 10 36 779 42
2369.48 16 34 0 42
2379.19 14 34 0 -1
2379.19 14 34 319 42
2380.61 14 34 0 -1
2380.61 14 34 107 42
2383.06 16 34 319 42
2399.34 14 38 30u4 42
2413.60 14 41 198 42
2415.24 14 40 564 42
2430.03 67 46 99 42
2431.53 66 47 0 -1
2431.53 66 47 96 42
2435.29 91 35 674 -1
2457.03 144 42 32 42
2468.11 174 48 39 42
2468.63 175 48 34 42
2469.29 174 48 0 42
2469.91 175 49 167 42
2471.39 175 48 0 42
2496.03 255 49 34 42
2496.51 254 49 0 42
2498.67 255 49 0 42
2541.76 382 51 806 42
2542.26 383 51 34 42
2542.79 382 51 0 42
2544.47 383 51 0 42
2641.52 663 84 34 42
2642.62 663 85 30u4 42
2645.86 663 85 30u3 42
2649.81 663 84 0 42
2699.77 834 93 806 42
2700.56 835 93 34 42
2701.21 834 93 0 42
2704.74 835 93 0 42
2744.40 949 99 34 42
2745.19 948 99 0 42
2746.64 949 99 0 42
2747.52 950 99 87 42
2747.52 949 99 34 42
